Steel    C   Si   Mn   Cr   Mo   Ni   Al   Cu ppmB       Pa       Rc Texp

GA01  0.13 0.27 0.22 0.08 0.00 0.06 0.00 0.22  0.0  1132.36  145.000  600
GA01  0.13 0.27 0.22 0.08 0.00 0.06 0.00 0.22  0.0  1132.36   21.500  675
GA01  0.13 0.27 0.22 0.08 0.00 0.06 0.00 0.22  0.0  1132.36    2.000  690
GA01  0.13 0.27 0.21 0.08 0.00 0.06 0.00 0.22  0.0  1132.36    0.195  695
GA01  0.13 0.27 0.20 0.08 0.00 0.06 0.00 0.22  0.0  1132.36    0.019  700
GA02  0.19 0.50 1.29 0.09 0.00 0.07 0.00 0.25  0.0  1114.33   25.000  600
GA02  0.19 0.50 1.29 0.09 0.00 0.07 0.00 0.25  0.0  1114.33    2.050  645
GA02  0.19 0.50 1.29 0.09 0.00 0.07 0.00 0.25  0.0  1114.33    0.195  655
GA02  0.19 0.50 1.28 0.09 0.00 0.07 0.00 0.25  0.0  1114.33    0.019  665
GA03  0.20 0.64 1.27 0.12 0.00 0.00 0.00 0.21  0.0  1114.33   21.500  635
GA03  0.20 0.64 1.27 0.12 0.00 0.00 0.00 0.21  0.0  1114.33    1.950  655
GA03  0.20 0.64 1.27 0.12 0.00 0.00 0.00 0.21  0.0  1114.33    0.190  660
GA03  0.20 0.64 1.27 0.12 0.00 0.00 0.00 0.21  0.0  1114.33    0.019  665
GA04  0.23 0.57 1.53 0.06 0.00 0.00 0.00 0.00  0.0  1114.33   30.600  600
GA04  0.23 0.57 1.53 0.06 0.00 0.00 0.00 0.00  0.0  1114.33    2.100  635
GA04  0.23 0.57 1.53 0.06 0.00 0.00 0.00 0.00  0.0  1114.33    0.200  645
GA04  0.23 0.57 1.53 0.06 0.00 0.00 0.00 0.00  0.0  1114.33    0.019  650
GA05  0.23 0.51 1.88 0.03 0.00 0.00 0.00 0.00  0.0  1114.33   26.500  570
GA05  0.23 0.51 1.88 0.03 0.00 0.00 0.00 0.00  0.0  1114.33    2.100  625
GA05  0.23 0.51 1.88 0.03 0.00 0.00 0.00 0.00  0.0  1114.33    0.200  635
GA05  0.23 0.51 1.88 0.03 0.00 0.00 0.00 0.00  0.0  1114.33    0.019  640
GA06  0.42 0.40 2.28 0.00 0.00 0.00 0.00 0.00  0.0  1085.28    1.800  590
GA06  0.42 0.40 2.28 0.00 0.00 0.00 0.00 0.00  0.0  1085.28    0.150  620
GA06  0.42 0.40 2.28 0.00 0.00 0.00 0.00 0.00  0.0  1085.28    0.014  635
GA07  0.44 0.31 0.59 0.18 0.00 0.00 0.00 0.00  0.0  1085.29   56.700  600
GA07  0.44 0.31 0.59 0.18 0.00 0.00 0.00 0.00  0.0  1085.29   12.500  645
GA07  0.44 0.31 0.59 0.18 0.00 0.00 0.00 0.00  0.0  1085.29    1.100  660
GA07  0.44 0.31 0.59 0.18 0.00 0.00 0.00 0.00  0.0  1085.29    0.090  680
GA07  0.44 0.31 0.59 0.18 0.00 0.00 0.00 0.00  0.0  1085.29    0.008  690
Ga07  0.44 0.31 0.60 0.18 0.00 0.00 0.00 0.00  0.0  1234.61   15.500  615
Ga07  0.44 0.31 0.60 0.18 0.00 0.00 0.00 0.00  0.0  1234.61    1.000  670
Ga07  0.44 0.31 0.60 0.18 0.00 0.00 0.00 0.00  0.0  1234.61    0.075  695
Ga07  0.44 0.31 0.60 0.18 0.00 0.00 0.00 0.00  0.0  1234.61    0.007  705
GA08  0.48 0.42 2.54 0.00 0.00 0.00 0.00 0.00  0.0  1076.10    1.800  590
GA08  0.48 0.42 2.54 0.00 0.00 0.00 0.00 0.00  0.0  1076.10    0.145  625
GA09  0.35 0.30 0.68 1.30 0.08 0.25 0.00 0.23  0.0  1078.90    1.250  670
GA09  0.35 0.30 0.67 1.30 0.08 0.25 0.00 0.23  0.0  1078.90    0.095  700
GA09  0.35 0.30 0.67 1.30 0.08 0.25 0.00 0.23  0.0  1078.90    0.007  725
Ga09  0.35 0.30 0.70 1.30 0.08 0.25 0.00 0.23  0.0  1262.22    0.675  660
Ga09  0.35 0.30 0.70 1.30 0.08 0.25 0.00 0.23  0.0  1262.22    0.105  690
Ga09  0.35 0.30 0.70 1.30 0.08 0.25 0.00 0.23  0.0  1262.22    0.008  715
GA10  0.44 0.30 0.83 1.24 0.07 0.28 0.00 0.22  0.0  1069.67    1.500  640
GA10  0.44 0.30 0.83 1.24 0.07 0.28 0.00 0.22  0.0  1069.67    0.105  685
GA10  0.44 0.30 0.83 1.24 0.07 0.28 0.00 0.22  0.0  1069.67    0.008  705
Ga10  0.44 0.30 0.85 1.24 0.06 0.28 0.00 0.22  0.0  1262.22    0.750  640
Ga10  0.44 0.30 0.85 1.24 0.06 0.28 0.00 0.22  0.0  1262.22    0.105  685
Ga10  0.44 0.30 0.85 1.24 0.06 0.28 0.00 0.22  0.0  1262.22    0.009  700
GA11  0.18 0.28 0.49 0.88 0.47 0.16 0.00 0.20  0.0  1148.65    0.170  675
GA11  0.18 0.27 0.48 0.88 0.47 0.16 0.00 0.20  0.0  1148.65    0.016  690
GA12  0.22 0.29 0.62 1.09 0.29 0.37 0.00 0.19  0.0  1106.87    0.160  670
GA12  0.22 0.29 0.61 1.09 0.29 0.37 0.00 0.19  0.0  1106.87    0.013  700
Ga12  0.22 0.29 0.64 1.09 0.29 0.37 0.00 0.19  0.0  1268.68    0.088  655
Ga12  0.22 0.29 0.64 1.09 0.29 0.37 0.00 0.19  0.0  1268.68    0.015  680
GA13  0.23 0.55 0.69 1.09 0.51 0.00 0.00 0.00  0.0  1167.82    0.145  700
GA13  0.23 0.55 0.69 1.09 0.51 0.00 0.00 0.00  0.0  1167.82    0.013  720
GA14  0.30 0.28 0.65 1.17 0.35 0.12 0.00 0.23  0.0  1083.61    0.150  675
GA14  0.30 0.28 0.65 1.17 0.35 0.12 0.00 0.23  0.0  1083.61    0.009  705
Ga14  0.30 0.28 0.68 1.17 0.34 0.12 0.00 0.23  0.0  1268.68    0.162  665
Ga14  0.30 0.28 0.67 1.17 0.34 0.12 0.00 0.23  0.0  1268.68    0.010  700
GA15  0.38 0.31 0.67 1.18 0.25 0.09 0.00 0.21  0.0  1083.61    0.675  640
GA15  0.38 0.31 0.67 1.18 0.25 0.09 0.00 0.21  0.0  1083.61    0.085  690
GA15  0.38 0.31 0.67 1.18 0.25 0.09 0.00 0.21  0.0  1083.61    0.008  700
Ga15  0.38 0.30 0.69 1.17 0.25 0.09 0.00 0.21  0.0  1268.68    0.100  675
Ga15  0.38 0.30 0.69 1.17 0.25 0.09 0.00 0.21  0.0  1268.68    0.008  690
GA16  0.46 0.30 0.42 1.20 0.35 0.24 0.00 0.32  0.0  1083.61    0.167  670
GA16  0.46 0.30 0.42 1.20 0.35 0.24 0.00 0.32  0.0  1083.61    0.040  690
Ga16  0.46 0.30 0.45 1.20 0.34 0.24 0.00 0.32  0.0  1268.68    0.055  660
GA17  0.50 0.45 0.85 1.26 0.42 0.12 0.00 0.21  0.0  1083.61    0.115  645
GA17  0.50 0.45 0.85 1.26 0.42 0.12 0.00 0.21  0.0  1083.61    0.006  705
Ga17  0.50 0.45 0.87 1.26 0.41 0.12 0.00 0.21  0.0  1268.68    0.063  635
Ga17  0.50 0.45 0.87 1.26 0.41 0.12 0.00 0.21  0.0  1268.68    0.006  705
GA18  0.30 0.29 0.31 1.65 0.53 2.25 0.00 0.25  0.0  1083.61    0.018  635
GA20  0.17 0.30 0.71 0.09 0.49 0.51 0.00 0.18  0.0  1139.37    0.235  625
GA20  0.17 0.30 0.70 0.09 0.49 0.51 0.00 0.18  0.0  1139.37    0.021  650
GA21  0.30 0.38 0.54 0.08 0.00 3.26 0.00 0.00  0.0  1083.61    8.250  595
GA21  0.30 0.38 0.54 0.08 0.00 3.26 0.00 0.00  0.0  1083.61    1.550  605
GA21  0.30 0.38 0.54 0.08 0.00 3.26 0.00 0.00  0.0  1083.61    0.150  610
GA21  0.30 0.38 0.54 0.08 0.00 3.26 0.00 0.00  0.0  1083.61    0.015  615
GA22  0.38 1.43 1.43 0.28 0.00 0.00 0.00 0.00  0.0  1085.28    1.350  655
GA22  0.38 1.43 1.43 0.28 0.00 0.00 0.00 0.00  0.0  1085.28    0.115  675
Ga22  0.38 1.43 1.43 0.28 0.00 0.00 0.00 0.00  0.0  1248.84    1.350  655
Ga22  0.38 1.43 1.43 0.28 0.00 0.00 0.00 0.00  0.0  1248.84    0.115  675
GA23  0.73 2.22 0.92 0.13 0.00 0.09 0.00 0.18  0.0  1078.96    6.750  640
GA23  0.73 2.22 0.92 0.13 0.00 0.09 0.00 0.18  0.0  1078.96    1.000  675
GA23  0.73 2.22 0.92 0.13 0.00 0.09 0.00 0.18  0.0  1078.96    0.070  705
GA23  0.73 2.22 0.92 0.13 0.00 0.09 0.00 0.18  0.0  1078.96    0.006  720
GA24  0.76 0.33 0.27 0.14 0.00 0.07 0.00 0.20  0.0  1092.92   90.000  630
GA24  0.76 0.33 0.27 0.14 0.00 0.07 0.00 0.20  0.0  1092.92   14.000  670
GA24  0.76 0.33 0.27 0.14 0.00 0.07 0.00 0.20  0.0  1092.92    1.300  680
GA24  0.76 0.33 0.27 0.14 0.00 0.07 0.00 0.20  0.0  1092.92    0.110  700
GA24  0.76 0.33 0.26 0.14 0.00 0.07 0.00 0.20  0.0  1092.92    0.010  710
GA25  1.03 0.26 0.15 0.09 0.00 0.10 0.00 0.14  0.0  1092.92  160.000  630
GA25  1.03 0.26 0.15 0.09 0.00 0.10 0.00 0.14  0.0  1092.92   10.000  690
GA25  1.03 0.26 0.15 0.09 0.00 0.10 0.00 0.14  0.0  1092.92    0.850  705
GA25  1.03 0.26 0.15 0.09 0.00 0.10 0.00 0.14  0.0  1092.92    0.080  710
GA25  1.03 0.26 0.15 0.09 0.00 0.10 0.00 0.14  0.0  1092.92    0.008  715
GA26  1.03 0.35 0.36 0.43 0.00 0.31 0.00 0.19  0.0  1280.57    2.250  635
GA26  1.03 0.35 0.36 0.20 0.00 0.31 0.00 0.19  0.0  1280.57    0.170  690
GA26  1.02 0.35 0.31 0.30 0.00 0.31 0.00 0.19  0.0  1280.57    0.016  705
GA27  0.19 0.44 1.19 0.31 0.35 0.90 0.00 1.19  0.0  1097.35    0.011  644
GA27  0.19 0.44 1.19 0.31 0.35 0.90 0.00 1.19  0.0  1097.35    0.005  654
Ga27  0.19 0.43 1.21 0.31 0.35 0.90 0.00 1.19  0.0  1262.22    0.010  637
Ga27  0.19 0.43 1.21 0.31 0.35 0.90 0.00 1.19  0.0  1262.22    0.004  644
GA28  0.40 0.23 0.26 1.43 0.35 4.25 0.00 0.19  0.0  1101.74    0.004  605
Ga28  0.40 0.23 0.26 1.43 0.34 4.25 0.00 0.19  0.0  1186.66    0.004  600
GB01  0.15 0.24 0.06 0.07 0.00 0.00 0.00 0.17  0.0  1139.53   50.000  670
GB01  0.15 0.24 0.06 0.07 0.00 0.00 0.00 0.17  0.0  1139.53   19.500  675
GB01  0.15 0.24 0.06 0.07 0.00 0.00 0.00 0.17  0.0  1139.53    1.900  680
GB01  0.15 0.24 0.05 0.07 0.00 0.00 0.00 0.17  0.0  1139.53    0.185  685
GB01  0.15 0.24 0.03 0.07 0.00 0.00 0.00 0.17  0.0  1139.53    0.018  690
Gb01  0.15 0.24 0.14 0.07 0.00 0.00 0.00 0.17  0.0  1280.57   52.500  660
Gb01  0.15 0.24 0.14 0.07 0.00 0.00 0.00 0.17  0.0  1280.57   20.000  670
Gb01  0.15 0.24 0.14 0.07 0.00 0.00 0.00 0.17  0.0  1280.57    1.900  680
Gb01  0.15 0.24 0.14 0.07 0.00 0.00 0.00 0.17  0.0  1280.57    0.185  685
Gb01  0.15 0.24 0.13 0.07 0.00 0.00 0.00 0.17  0.0  1280.57    0.018  690
GB02  0.30 0.38 0.13 0.14 0.00 0.00 0.00 0.27  0.0  1073.35   51.300  625
GB02  0.30 0.38 0.13 0.14 0.00 0.00 0.00 0.27  0.0  1073.35   17.500  655
GB02  0.30 0.38 0.13 0.14 0.00 0.00 0.00 0.27  0.0  1073.35    1.600  670
GB02  0.30 0.38 0.13 0.14 0.00 0.00 0.00 0.27  0.0  1073.35    0.150  680
GB02  0.30 0.38 0.12 0.14 0.00 0.00 0.00 0.27  0.0  1073.35    0.014  690
Gb02  0.30 0.38 0.16 0.14 0.00 0.00 0.00 0.27  0.0  1185.15   55.000  610
Gb02  0.30 0.38 0.16 0.14 0.00 0.00 0.00 0.27  0.0  1185.15   18.500  645
Gb02  0.30 0.38 0.15 0.14 0.00 0.00 0.00 0.27  0.0  1185.15    1.650  665
Gb02  0.30 0.38 0.13 0.14 0.00 0.00 0.00 0.27  0.0  1185.15    0.150  680
Gb02  0.30 0.38 0.12 0.14 0.00 0.00 0.00 0.27  0.0  1185.15    0.014  690
GB03  0.46 0.42 0.19 0.15 0.00 0.00 0.00 0.27  0.0  1073.35   52.500  620
GB03  0.46 0.42 0.19 0.15 0.00 0.00 0.00 0.27  0.0  1073.35   18.000  650
GB03  0.46 0.42 0.19 0.15 0.00 0.00 0.00 0.27  0.0  1073.35    1.550  675
GB03  0.46 0.42 0.19 0.15 0.00 0.00 0.00 0.27  0.0  1073.35    0.150  680
GB03  0.46 0.42 0.18 0.15 0.00 0.00 0.00 0.27  0.0  1073.35    0.015  680
Gb03  0.46 0.41 0.21 0.15 0.00 0.00 0.00 0.27  0.0  1185.15   56.300  605
Gb03  0.46 0.41 0.21 0.15 0.00 0.00 0.00 0.27  0.0  1185.15   19.500  635
Gb03  0.46 0.41 0.20 0.15 0.00 0.00 0.00 0.27  0.0  1185.15    1.700  660
Gb03  0.46 0.41 0.19 0.15 0.00 0.00 0.00 0.27  0.0  1185.15    0.155  675
Gb03  0.46 0.41 0.19 0.15 0.00 0.00 0.00 0.27  0.0  1185.15    0.015  680
GB04  0.16 0.24 1.19 1.07 0.00 0.13 0.00 0.25  0.0  1102.22    2.050  635
GB04  0.16 0.24 1.19 1.07 0.00 0.13 0.00 0.25  0.0  1102.22    0.185  655
GB04  0.16 0.24 1.19 1.07 0.00 0.13 0.00 0.25  0.0  1102.22    0.018  660
Gb04  0.16 0.24 1.21 1.07 0.00 0.13 0.00 0.25  0.0  1268.68    0.185  655
Gb04  0.16 0.24 1.21 1.07 0.00 0.13 0.00 0.25  0.0  1268.68    0.018  660
GB05  0.33 0.29 1.34 1.16 0.00 0.13 0.00 0.28  0.0  1073.35    0.975  635
GB05  0.33 0.29 1.34 1.16 0.00 0.13 0.00 0.28  0.0  1073.35    0.160  670
GB05  0.33 0.29 1.34 1.16 0.00 0.13 0.00 0.28  0.0  1073.35    0.015  685
Gb05  0.33 0.29 1.34 1.15 0.00 0.13 0.00 0.28  0.0  1185.15    0.475  640
Gb05  0.33 0.29 1.34 1.15 0.00 0.13 0.00 0.28  0.0  1185.15    0.175  655
Gb05  0.33 0.29 1.34 1.15 0.00 0.13 0.00 0.28  0.0  1185.15    0.015  675
GB06  0.53 0.31 1.35 1.19 0.00 0.13 0.00 0.28  0.0  1073.35    0.450  650
GB06  0.53 0.31 1.35 1.19 0.00 0.13 0.00 0.28  0.0  1073.35    0.155  675
GB06  0.53 0.31 1.35 1.19 0.00 0.13 0.00 0.28  0.0  1073.35    0.015  685
Gb06  0.53 0.31 1.35 1.19 0.00 0.13 0.00 0.28  0.0  1185.15    0.488  635
Gb06  0.53 0.31 1.35 1.19 0.00 0.13 0.00 0.28  0.0  1185.15    0.170  660
Gb06  0.53 0.31 1.35 1.19 0.00 0.13 0.00 0.28  0.0  1185.15    0.015  680
GB07  0.13 0.32 0.40 1.58 0.06 1.73 0.00 0.24  0.0  1102.22    0.412  660
GB07  0.13 0.32 0.40 1.58 0.06 1.73 0.00 0.24  0.0  1102.22    0.155  670
GB07  0.13 0.32 0.40 1.58 0.06 1.73 0.00 0.24  0.0  1102.22    0.014  690
Gb07  0.13 0.32 0.44 1.58 0.06 1.73 0.00 0.24  0.0  1268.68    0.068  690
Gb07  0.13 0.32 0.44 1.58 0.06 1.73 0.00 0.24  0.0  1268.68    0.013  700
GB08  0.32 0.38 0.51 1.72 0.09 1.68 0.00 0.27  0.0  1073.35    0.093  650
GB08  0.32 0.38 0.51 1.72 0.09 1.68 0.00 0.27  0.0  1073.35    0.017  670
Gb08  0.32 0.38 0.51 1.72 0.09 1.68 0.00 0.27  0.0  1185.15    0.093  650
Gb08  0.32 0.38 0.51 1.71 0.09 1.68 0.00 0.27  0.0  1185.15    0.017  670
GB09  0.50 0.39 0.53 1.76 0.09 1.62 0.00 0.26  0.0  1073.35    0.317  640
GB09  0.50 0.39 0.53 1.76 0.09 1.62 0.00 0.26  0.0  1073.35    0.175  655
GB09  0.50 0.39 0.53 1.76 0.09 1.62 0.00 0.26  0.0  1073.35    0.016  670
Gb09  0.50 0.39 0.54 1.76 0.09 1.62 0.00 0.26  0.0  1185.15    0.185  645
Gb09  0.50 0.39 0.55 1.76 0.09 1.62 0.00 0.26  0.0  1185.15    0.016  670
GB10  0.16 0.33 0.43 2.10 0.03 2.25 0.00 0.00  0.0  1102.22    0.083  625
GB10  0.16 0.33 0.42 2.10 0.03 2.25 0.00 0.00  0.0  1102.22    0.013  660
Gb10  0.16 0.33 0.46 2.10 0.03 2.25 0.03 0.00  0.0  1268.68    0.015  645
GB11  0.34 0.37 0.46 2.23 0.04 2.14 0.03 0.00  0.0  1073.35    0.090  650
GB11  0.34 0.37 0.46 2.23 0.04 2.14 0.00 0.00  0.0  1073.35    0.013  700
Gb11  0.34 0.37 0.48 2.23 0.04 2.14 0.00 0.00  0.0  1185.15    0.110  610
Gb11  0.34 0.37 0.49 2.23 0.04 2.14 0.00 0.00  0.0  1185.15    0.017  660
GB12  0.56 0.38 0.48 2.29 0.05 2.08 0.03 0.00  0.0  1073.35    0.538  615
GB12  0.56 0.38 0.48 2.29 0.05 2.08 0.03 0.00  0.0  1073.35    0.185  645
GB12  0.56 0.38 0.48 2.29 0.05 2.08 0.00 0.00  0.0  1073.35    0.014  695
Gb12  0.56 0.38 0.50 2.29 0.05 2.08 0.00 0.00  0.0  1185.15    0.195  635
Gb12  0.56 0.38 0.50 2.28 0.05 2.08 0.00 0.00  0.0  1185.15    0.017  665
GB15  0.53 0.30 0.45 0.90 0.06 3.85 0.00 0.19  0.0  1073.35    0.059  595
GB15  0.53 0.30 0.45 0.90 0.06 3.85 0.00 0.19  0.0  1073.35    0.022  610
Gb15  0.53 0.30 0.47 0.90 0.06 3.85 0.00 0.19  0.0  1185.15    0.063  580
Gb15  0.53 0.30 0.47 0.90 0.06 3.85 0.00 0.19  0.0  1185.15    0.023  600
GB16  0.22 0.35 0.65 0.63 0.57 0.17 0.04 0.21  0.0  1130.09    0.210  660
GB16  0.22 0.35 0.65 0.63 0.57 0.17 0.04 0.21  0.0  1130.09    0.017  700
Gb16  0.22 0.35 0.68 0.63 0.56 0.17 0.04 0.21  0.0  1280.57    0.220  650
Gb16  0.22 0.35 0.68 0.63 0.56 0.17 0.04 0.21  0.0  1280.57    0.018  695
GB17  0.28 0.38 0.69 0.65 0.64 0.17 0.04 0.22  0.0  1073.35    0.075  680
GB17  0.28 0.38 0.68 0.65 0.64 0.17 0.04 0.22  0.0  1073.35    0.013  700
Gb17  0.28 0.37 0.69 0.65 0.63 0.17 0.04 0.22  0.0  1185.15    0.038  680
Gb17  0.28 0.37 0.68 0.65 0.63 0.17 0.04 0.22  0.0  1185.15    0.014  695
GB18  0.57 0.44 0.75 0.69 0.81 0.16 0.04 0.22  0.0  1073.35    0.045  650
GB18  0.57 0.44 0.75 0.69 0.59 0.16 0.04 0.22  0.0  1073.35    0.015  685
Gb18  0.57 0.43 0.75 0.69 0.80 0.16 0.04 0.22  0.0  1185.15    0.015  675
GB22  0.23 0.36 0.46 0.14 0.70 0.06 0.04 0.10  0.0  1120.64    0.195  670
GB22  0.23 0.36 0.45 0.14 0.70 0.06 0.04 0.10  0.0  1120.64    0.018  685
Gb22  0.23 0.36 0.51 0.14 0.69 0.06 0.04 0.10  0.0  1280.57    0.098  670
Gb22  0.23 0.36 0.51 0.14 0.69 0.06 0.04 0.10  0.0  1280.57    0.018  685
GB23  0.31 0.40 0.52 0.14 0.79 0.06 0.04 0.10  0.0  1073.35    0.165  665
GB23  0.31 0.40 0.52 0.14 0.79 0.06 0.04 0.10  0.0  1073.35    0.015  685
Gb23  0.31 0.40 0.52 0.14 0.79 0.06 0.04 0.10  0.0  1185.15    0.043  660
Gb23  0.31 0.40 0.52 0.14 0.78 0.06 0.04 0.10  0.0  1185.15    0.015  680
GB24  0.58 0.45 0.59 0.15 0.98 0.05 0.04 0.10  0.0  1073.35    0.175  655
GB24  0.58 0.45 0.59 0.15 0.42 0.05 0.04 0.10  0.0  1073.35    0.015  685
Gb24  0.58 0.45 0.59 0.15 0.97 0.05 0.04 0.10  0.0  1185.15    0.043  660
Gb24  0.58 0.45 0.59 0.15 0.42 0.05 0.04 0.10  0.0  1185.15    0.015  680
GB25  0.37 0.22 0.57 0.00 0.00 0.06 0.00 0.16  0.0  1127.21  108.000  595
GB25  0.37 0.22 0.57 0.00 0.00 0.06 0.00 0.16  0.0  1127.21   15.500  655
GB25  0.37 0.22 0.57 0.00 0.00 0.06 0.00 0.16  0.0  1127.21    1.300  680
GB25  0.37 0.22 0.57 0.00 0.00 0.06 0.00 0.16  0.0  1127.21    0.120  690
Gb25  0.37 0.22 0.62 0.00 0.00 0.06 0.00 0.16  0.0  1336.58  115.000  580
Gb25  0.37 0.22 0.62 0.00 0.00 0.06 0.00 0.16  0.0  1336.58   16.500  645
Gb25  0.37 0.22 0.62 0.00 0.00 0.06 0.00 0.16  0.0  1336.58    1.350  675
Gb25  0.37 0.22 0.62 0.00 0.00 0.06 0.00 0.16  0.0  1336.58    0.130  680
GB26  0.21 0.35 1.35 0.06 0.72 0.06 0.03 0.11  0.0  1139.53    0.231  675
GB26  0.21 0.35 1.35 0.06 0.72 0.06 0.03 0.11  0.0  1139.53    0.018  685
GB27  0.17 0.59 1.51 0.00 0.00 0.00 0.00 0.00  0.0  1114.33   13.800  595
GB27  0.17 0.59 1.51 0.00 0.00 0.00 0.00 0.00  0.0  1114.33    2.400  630
GB27  0.17 0.59 1.51 0.00 0.00 0.00 0.00 0.00  0.0  1114.33    0.220  650
Gb27  0.17 0.58 1.51 0.00 0.00 0.00 0.06 0.00  0.0  1409.07    1.250  620
Gb27  0.17 0.58 1.51 0.00 0.00 0.00 0.06 0.00  0.0  1409.07    0.220  650
GB28  0.55 0.43 1.03 0.11 0.00 0.08 0.00 0.13  0.0  1074.30   42.500  600
GB28  0.55 0.43 1.03 0.11 0.00 0.08 0.00 0.13  0.0  1074.30   15.000  620
GB28  0.55 0.43 1.03 0.11 0.00 0.08 0.00 0.13  0.0  1074.30    1.000  670
GB28  0.55 0.43 1.03 0.11 0.00 0.08 0.00 0.13  0.0  1074.30    0.080  690
GB29  0.56 0.41 1.76 0.22 0.00 0.08 0.00 0.12  0.0  1130.10    3.000  600
GB29  0.56 0.41 1.76 0.22 0.00 0.08 0.00 0.12  0.0  1130.10    0.250  650
GB29  0.56 0.41 1.76 0.22 0.00 0.08 0.00 0.12  0.0  1130.10    0.024  660
GB30  0.59 0.46 2.56 0.17 0.00 0.09 0.00 0.13  0.0  1130.10    1.450  610
GB30  0.59 0.46 2.56 0.17 0.00 0.09 0.00 0.13  0.0  1130.10    0.255  645
GB30  0.59 0.46 2.55 0.17 0.00 0.09 0.00 0.13  0.0  1130.10    0.025  655
Gb30  0.59 0.45 2.50 0.17 0.00 0.09 0.00 0.13  0.0  1409.07    0.295  605
GB31  0.06 0.50 0.86 0.04 0.00 0.00 0.03 0.04  0.0  1409.07   13.000  670
GB31  0.06 0.50 0.86 0.04 0.00 0.00 0.03 0.04  0.0  1409.07    2.500  680
GB32  0.14 0.24 0.34 0.08 0.00 0.08 0.00 0.21  0.0  1409.07   80.000  610
GB32  0.14 0.24 0.34 0.08 0.00 0.08 0.00 0.21  0.0  1409.07   29.500  635
GB32  0.14 0.24 0.33 0.08 0.00 0.08 0.00 0.21  0.0  1409.07    2.550  675
GB32  0.14 0.24 0.33 0.08 0.00 0.08 0.00 0.21  0.0  1409.07    0.230  700
GB33  0.16 0.31 0.45 0.07 0.00 0.06 0.03 0.09  0.0  1409.07   76.300  625
GB33  0.16 0.31 0.45 0.07 0.00 0.06 0.03 0.09  0.0  1409.07   28.000  650
GB33  0.16 0.31 0.45 0.07 0.00 0.06 0.03 0.09  0.0  1409.07    2.550  675
GB33  0.16 0.31 0.44 0.07 0.00 0.06 0.03 0.09  0.0  1409.07    0.240  690
GC01  0.90 0.43 0.27 0.16 0.00 0.00 0.00 0.22  0.0  1185.15   32.500  605
GC01  0.90 0.43 0.27 0.16 0.00 0.00 0.00 0.22  0.0  1185.15    1.320  666
GC01  0.90 0.43 0.27 0.16 0.00 0.00 0.00 0.22  0.0  1185.15    0.024  689
Gc01  0.90 0.44 0.26 0.16 0.00 0.00 0.00 0.22  0.0  1073.35   35.833  615
Gc01  0.90 0.44 0.26 0.16 0.00 0.00 0.00 0.22  0.0  1073.35    8.500  660
Gc01  0.90 0.44 0.26 0.16 0.00 0.00 0.00 0.22  0.0  1073.35    0.137  693
GC02  0.98 0.44 0.28 0.16 0.00 0.00 0.00 0.21  0.0  1185.15   31.900  611
GC02  0.98 0.44 0.28 0.16 0.00 0.00 0.00 0.21  0.0  1185.15    1.255  679
GC02  0.98 0.43 0.28 0.16 0.00 0.00 0.00 0.21  0.0  1185.15    0.023  702
GC04  1.00 0.32 1.36 1.27 0.00 0.12 0.00 0.23  0.0  1185.15    3.190  611
GC04  1.00 0.32 1.36 1.27 0.00 0.12 0.00 0.23  0.0  1185.15    0.675  660
GC04  1.00 0.32 1.35 0.50 0.00 0.12 0.00 0.23  0.0  1185.15    0.040  689
GC07  0.97 0.39 0.62 1.86 0.10 1.54 0.00 0.22  0.0  1185.15    0.815  604
GC07  0.97 0.39 0.62 0.47 0.10 1.54 0.00 0.22  0.0  1185.15    0.073  639
GC07  0.96 0.39 0.62 0.28 0.10 1.54 0.00 0.22  0.0  1185.15    0.007  664
GC12  0.81 0.30 0.48 0.93 0.07 3.74 0.00 0.17  0.0  1185.15    0.037  559
GC12  0.81 0.30 0.48 0.93 0.06 3.74 0.00 0.17  0.0  1185.15    0.009  590
GC13  1.02 0.29 0.44 0.24 0.06 3.66 0.00 0.15  0.0  1185.15    0.038  553
GC13  1.01 0.29 0.45 0.38 0.06 3.66 0.00 0.15  0.0  1185.15    0.008  601
GC15  0.88 0.44 0.76 0.72 0.88 0.15 0.04 0.19  0.0  1185.15    0.065  671
GC15  0.88 0.43 0.76 0.71 0.44 0.15 0.04 0.19  0.0  1185.15    0.006  704
GC16  1.00 0.44 0.77 0.73 0.93 0.15 0.03 0.17  0.0  1185.15    0.448  661
GC16  1.00 0.44 0.77 0.60 0.92 0.15 0.03 0.17  0.0  1185.15    0.037  711
GC16  1.00 0.43 0.77 0.33 0.46 0.15 0.03 0.17  0.0  1185.15    0.005  732
GC18  0.90 0.20 0.65 0.59 0.89 1.61 0.00 0.00  0.0  1185.15    0.040  610
GC18  0.90 0.20 0.65 0.59 0.57 1.61 0.00 0.00  0.0  1185.15    0.007  649
GC19  1.12 0.20 0.60 0.22 0.73 1.56 0.00 0.00  0.0  1185.15    0.007  658
GC21  0.85 0.46 0.62 0.16 1.07 0.05 0.04 0.08  0.0  1185.15    0.305  625
GC21  0.85 0.46 0.62 0.16 1.06 0.05 0.04 0.08  0.0  1185.15    0.068  659
GC21  0.85 0.45 0.63 0.15 0.44 0.05 0.04 0.09  0.0  1185.15    0.006  696
GC22  1.08 0.46 0.48 0.02 0.50 0.05 0.03 0.07  0.0  1185.15    0.447  662
GC22  1.09 0.46 0.49 0.02 0.58 0.05 0.03 0.07  0.0  1185.15    0.059  696
GC22  1.09 0.44 0.59 0.06 0.47 0.05 0.03 0.07  0.0  1185.15    0.005  715
B003  0.06 0.00 0.51 0.00 0.00 0.00 0.00 0.00  0.0  1159.36   16.600  710
B003  0.06 0.00 0.51 0.00 0.00 0.00 0.00 0.00  0.0  1159.36    1.660  720
B003  0.06 0.00 0.51 0.00 0.00 0.00 0.00 0.00  0.0  1159.36    0.166  730
B003  0.06 0.00 0.50 0.00 0.00 0.00 0.00 0.00  0.0  1159.36    0.016  738
B004  0.10 0.00 0.43 0.00 0.00 0.00 0.00 0.00  0.0  1159.36   16.600  738
B004  0.10 0.00 0.43 0.00 0.00 0.00 0.00 0.00  0.0  1159.36    1.660  745
B004  0.10 0.00 0.43 0.00 0.00 0.00 0.00 0.00  0.0  1159.36    0.166  752
B004  0.10 0.00 0.42 0.00 0.00 0.00 0.00 0.00  0.0  1159.36    0.016  760
B005  0.10 0.00 0.65 0.00 0.00 0.00 0.00 0.00  0.0  1150.37   16.600  722
B005  0.10 0.00 0.65 0.00 0.00 0.00 0.00 0.00  0.0  1150.37    1.660  735
B005  0.10 0.00 0.65 0.00 0.00 0.00 0.00 0.00  0.0  1150.37    0.166  743
B005  0.10 0.00 0.64 0.00 0.00 0.00 0.00 0.00  0.0  1150.37    0.016  753
B006  0.13 0.00 0.69 0.00 0.00 0.00 0.00 0.00  0.0  1150.37   16.600  718
B006  0.13 0.00 0.69 0.00 0.00 0.00 0.00 0.00  0.0  1150.37    1.660  733
B006  0.13 0.00 0.69 0.00 0.00 0.00 0.00 0.00  0.0  1150.37    0.166  748
B006  0.13 0.00 0.68 0.00 0.00 0.00 0.00 0.00  0.0  1150.37    0.016  760
B007  0.16 0.00 0.95 0.00 0.00 0.00 0.00 0.00  0.0  1114.33   16.600  642
B007  0.16 0.00 0.95 0.00 0.00 0.00 0.00 0.00  0.0  1114.33    1.660  675
B007  0.16 0.00 0.95 0.00 0.00 0.00 0.00 0.00  0.0  1114.33    0.166  690
B007  0.16 0.00 0.94 0.00 0.00 0.00 0.00 0.00  0.0  1114.33    0.016  697
B008  0.18 0.23 0.21 0.00 0.00 0.00 0.00 0.00  0.0  1114.33   16.600  688
B008  0.18 0.23 0.21 0.00 0.00 0.00 0.00 0.00  0.0  1114.33    1.660  722
B008  0.18 0.23 0.20 0.00 0.00 0.00 0.00 0.00  0.0  1114.33    0.166  732
B008  0.18 0.23 0.20 0.00 0.00 0.00 0.00 0.00  0.0  1114.33    0.016  739
B009  0.25 0.26 0.66 0.00 0.00 0.00 0.00 0.00  0.0  1096.26   16.600  675
B009  0.25 0.26 0.66 0.00 0.00 0.00 0.00 0.00  0.0  1096.26    1.660  703
B009  0.25 0.26 0.66 0.00 0.00 0.00 0.00 0.00  0.0  1096.26    0.166  711
B009  0.25 0.26 0.66 0.00 0.00 0.00 0.00 0.00  0.0  1096.26    0.016  718
B010  0.30 0.27 0.69 0.00 0.00 0.00 0.00 0.00  0.0  1096.26   16.600  660
B010  0.30 0.27 0.69 0.00 0.00 0.00 0.00 0.00  0.0  1096.26    1.660  687
B010  0.30 0.27 0.69 0.00 0.00 0.00 0.00 0.00  0.0  1096.26    0.166  700
B010  0.30 0.27 0.69 0.00 0.00 0.00 0.00 0.00  0.0  1096.26    0.016  710
B011  0.38 0.28 0.72 0.00 0.00 0.00 0.00 0.00  0.0  1078.17    1.660  655
B011  0.38 0.28 0.72 0.00 0.00 0.00 0.00 0.00  0.0  1078.17    0.166  680
B011  0.38 0.28 0.72 0.00 0.00 0.00 0.00 0.00  0.0  1078.17    0.016  692
B012  0.40 0.28 0.72 0.00 0.00 0.00 0.00 0.00  0.0  1069.11    1.660  680
B012  0.40 0.28 0.72 0.00 0.00 0.00 0.00 0.00  0.0  1069.11    0.166  702
B012  0.40 0.28 0.72 0.00 0.00 0.00 0.00 0.00  0.0  1069.11    0.016  712
B013  0.44 0.41 0.77 0.00 0.00 0.00 0.00 0.16  0.0  1069.11   16.600  635
B013  0.44 0.41 0.77 0.00 0.00 0.00 0.00 0.16  0.0  1069.11    1.660  670
B013  0.44 0.41 0.77 0.00 0.00 0.00 0.00 0.16  0.0  1069.11    0.166  696
B013  0.44 0.41 0.77 0.00 0.00 0.00 0.00 0.16  0.0  1069.11    0.016  710
B014  0.51 1.08 0.13 0.00 0.00 0.00 0.00 0.00  0.0  1050.97   16.600  673
B014  0.51 1.08 0.13 0.00 0.00 0.00 0.00 0.00  0.0  1050.97    1.660  695
B014  0.51 1.08 0.13 0.00 0.00 0.00 0.00 0.00  0.0  1050.97    0.166  702
B014  0.51 1.08 0.12 0.00 0.00 0.00 0.00 0.00  0.0  1050.97    0.016  709
B015  0.52 0.30 0.73 0.00 0.00 0.00 0.00 0.00  0.0  1041.88    1.660  680
B015  0.52 0.30 0.73 0.00 0.00 0.00 0.00 0.00  0.0  1041.88    0.166  703
B015  0.52 0.30 0.73 0.00 0.00 0.00 0.00 0.00  0.0  1041.88    0.016  718
B016  0.56 1.09 0.14 0.00 0.00 0.00 0.00 0.00  0.0  1041.88   16.600  665
B016  0.56 1.09 0.14 0.00 0.00 0.00 0.00 0.00  0.0  1041.88    1.660  690
B016  0.56 1.09 0.13 0.00 0.00 0.00 0.00 0.00  0.0  1041.88    0.166  700
B016  0.56 1.09 0.13 0.00 0.00 0.00 0.00 0.00  0.0  1041.88    0.016  709
B017  0.60 0.30 0.68 0.00 0.00 0.00 0.00 0.15  0.0  1050.97    1.660  683
B017  0.60 0.30 0.68 0.00 0.00 0.00 0.00 0.15  0.0  1050.97    0.166  708
B017  0.60 0.30 0.68 0.00 0.00 0.00 0.00 0.15  0.0  1050.97    0.016  715
B018  0.61 1.09 0.14 0.00 0.00 0.00 0.00 0.00  0.0  1050.97   16.600  660
B018  0.61 1.09 0.14 0.00 0.00 0.00 0.00 0.00  0.0  1050.97    1.660  695
B018  0.61 1.09 0.14 0.00 0.00 0.00 0.00 0.00  0.0  1050.97    0.166  702
B018  0.61 1.09 0.14 0.00 0.00 0.00 0.00 0.00  0.0  1050.97    0.016  707
B019  0.68 0.00 0.73 0.00 0.00 0.00 0.00 0.00  0.0  1041.88   10.000  620
B019  0.68 0.00 0.73 0.00 0.00 0.00 0.00 0.00  0.0  1041.88    1.660  675
B019  0.68 0.00 0.73 0.00 0.00 0.00 0.00 0.00  0.0  1041.88    0.166  700
B019  0.68 0.00 0.73 0.00 0.00 0.00 0.00 0.00  0.0  1041.88    0.016  710
B020  0.75 0.50 0.79 0.00 0.00 0.00 0.00 0.00  0.0  1023.70   10.000  620
B020  0.75 0.50 0.79 0.00 0.00 0.00 0.00 0.00  0.0  1023.70    1.660  690
B020  0.75 0.50 0.79 0.00 0.00 0.00 0.00 0.00  0.0  1023.70    0.166  708
B020  0.75 0.50 0.79 0.00 0.00 0.00 0.00 0.00  0.0  1023.70    0.016  715
B021  0.86 0.31 0.62 0.00 0.00 0.00 0.00 0.00  0.0  1041.88   16.600  660
B021  0.86 0.31 0.62 0.00 0.00 0.00 0.00 0.00  0.0  1041.88    1.660  700
B021  0.86 0.31 0.62 0.00 0.00 0.00 0.00 0.00  0.0  1041.88    0.166  712
B021  0.86 0.31 0.62 0.00 0.00 0.00 0.00 0.00  0.0  1041.88    0.016  720
B024  0.19 0.24 1.31 0.00 0.00 0.00 0.00 0.00  0.0  1087.22   16.600  647
B024  0.19 0.24 1.31 0.00 0.00 0.00 0.00 0.00  0.0  1087.22    1.660  672
B024  0.19 0.24 1.31 0.00 0.00 0.00 0.00 0.00  0.0  1087.22    0.166  685
B024  0.19 0.24 1.31 0.00 0.00 0.00 0.00 0.00  0.0  1087.22    0.016  692
B024  0.19 0.24 1.31 0.00 0.00 0.00 0.00 0.00  0.0  1087.22    1.660  675
B025  0.28 0.27 1.40 0.00 0.00 0.00 0.00 0.00  0.0  1087.22   16.600  600
B025  0.28 0.27 1.40 0.00 0.00 0.00 0.00 0.00  0.0  1087.22    1.660  640
B025  0.28 0.27 1.40 0.00 0.00 0.00 0.00 0.00  0.0  1087.22    0.166  661
B025  0.28 0.27 1.40 0.00 0.00 0.00 0.00 0.00  0.0  1087.22    0.016  670
B026  0.36 0.28 1.43 0.00 0.00 0.00 0.00 0.00  0.0  1078.17   16.600  590
B026  0.36 0.28 1.43 0.00 0.00 0.00 0.00 0.00  0.0  1078.17    1.660  620
B026  0.36 0.28 1.43 0.00 0.00 0.00 0.00 0.00  0.0  1078.17    0.166  635
B026  0.36 0.28 1.43 0.00 0.00 0.00 0.00 0.00  0.0  1078.17    0.016  637
B027  0.15 0.28 1.50 0.00 0.00 0.00 0.00 0.00  0.0  1159.36   16.600  625
B027  0.15 0.28 1.50 0.00 0.00 0.00 0.00 0.00  0.0  1159.36    1.660  661
B027  0.15 0.28 1.49 0.00 0.00 0.00 0.00 0.00  0.0  1159.36    0.166  674
B027  0.15 0.28 1.49 0.00 0.00 0.00 0.00 0.00  0.0  1159.36    0.016  679
B028  0.19 0.24 1.70 0.00 0.00 0.00 0.00 0.00  0.0  1087.22   16.600  638
B028  0.19 0.24 1.70 0.00 0.00 0.00 0.00 0.00  0.0  1087.22    1.660  663
B028  0.19 0.24 1.70 0.00 0.00 0.00 0.00 0.00  0.0  1087.22    0.166  677
B028  0.19 0.24 1.70 0.00 0.00 0.00 0.00 0.00  0.0  1087.22    0.016  685
B029  0.28 0.27 1.80 0.00 0.00 0.00 0.00 0.00  0.0  1078.17    1.660  627
B029  0.28 0.27 1.80 0.00 0.00 0.00 0.00 0.00  0.0  1078.17    0.166  657
B029  0.28 0.27 1.80 0.00 0.00 0.00 0.00 0.00  0.0  1078.17    0.016  662
B030  0.36 0.28 1.83 0.00 0.00 0.00 0.00 0.00  0.0  1069.11    1.660  620
B030  0.36 0.28 1.83 0.00 0.00 0.00 0.00 0.00  0.0  1069.11    0.166  642
B030  0.36 0.28 1.83 0.00 0.00 0.00 0.00 0.00  0.0  1069.11    0.016  655
B031  0.30 0.21 2.21 0.00 0.00 0.00 0.00 0.00  0.0  1078.17    1.660  620
B031  0.30 0.21 2.21 0.00 0.00 0.00 0.00 0.00  0.0  1078.17    0.166  642
B031  0.30 0.21 2.21 0.00 0.00 0.00 0.00 0.00  0.0  1078.17    0.016  650
B032  0.38 0.36 2.25 0.00 0.00 0.00 0.00 0.00  0.0  1078.17    1.660  595
B032  0.38 0.36 2.25 0.00 0.00 0.00 0.00 0.00  0.0  1078.17    0.166  647
B032  0.38 0.36 2.25 0.00 0.00 0.00 0.00 0.00  0.0  1078.17    0.016  668
B033  0.46 0.37 2.27 0.00 0.00 0.00 0.00 0.00  0.0  1069.11    1.660  588
B033  0.46 0.37 2.27 0.00 0.00 0.00 0.00 0.00  0.0  1069.11    0.166  610
B033  0.46 0.37 2.27 0.00 0.00 0.00 0.00 0.00  0.0  1069.11    0.016  618
B037  0.27 0.27 1.83 0.00 0.43 0.00 0.00 0.00  0.0  1064.58    0.016  622
B038  0.30 0.27 1.85 0.00 0.44 0.00 0.00 0.00  0.0  1064.58    0.016  635
B039  0.32 0.25 1.82 0.00 0.43 0.00 0.00 0.00  0.0  1064.58    0.166  620
B039  0.32 0.25 1.81 0.00 0.43 0.00 0.00 0.00  0.0  1064.58    0.016  655
B040  0.35 0.28 1.87 0.00 0.47 0.00 0.00 0.00  0.0  1064.58    0.016  632
B041  0.37 0.26 1.83 0.00 0.46 0.00 0.00 0.00  0.0  1064.58    0.166  590
B041  0.37 0.26 1.83 0.00 0.46 0.00 0.00 0.00  0.0  1064.58    0.016  660
B042  0.38 0.36 1.84 0.00 0.78 0.00 0.00 0.00  0.0  1064.58    0.016  640
B043  0.22 0.25 1.20 0.68 0.00 0.21 0.00 0.37  0.0  1096.26    1.660  625
B043  0.22 0.25 1.20 0.68 0.00 0.21 0.00 0.37  0.0  1096.26    0.166  675
B043  0.22 0.25 1.19 0.68 0.00 0.21 0.00 0.37  0.0  1096.26    0.016  690
B044  0.16 0.27 1.16 1.03 0.00 0.00 0.00 0.00  0.0  1087.22    1.660  630
B044  0.16 0.27 1.16 1.03 0.00 0.00 0.00 0.00  0.0  1087.22    0.166  650
B044  0.16 0.27 1.16 1.03 0.00 0.00 0.00 0.00  0.0  1087.22    0.016  665
B045  0.20 0.29 1.36 1.28 0.00 0.17 0.00 0.00  0.0  1087.22    1.660  620
B045  0.20 0.29 1.36 1.28 0.00 0.17 0.00 0.00  0.0  1087.22    0.166  670
B045  0.20 0.29 1.36 1.28 0.00 0.17 0.00 0.00  0.0  1087.22    0.016  690
B046  0.19 0.24 1.83 0.00 0.33 0.64 0.00 0.00  0.0  1087.22    0.166  635
B046  0.19 0.24 1.83 0.00 0.33 0.64 0.00 0.00  0.0  1087.22    0.016  662
B047  0.27 0.30 1.54 0.52 0.29 0.85 0.00 0.00  0.0  1069.11    0.166  585
B047  0.27 0.30 1.54 0.52 0.29 0.85 0.00 0.00  0.0  1069.11    0.016  620
B048  0.33 0.32 1.57 0.53 0.31 0.84 0.00 0.00  0.0  1069.11    0.166  590
B048  0.33 0.32 1.57 0.53 0.31 0.84 0.00 0.00  0.0  1069.11    0.016  620
B049  0.37 0.32 1.57 0.53 0.33 0.83 0.00 0.00  0.0  1069.11    0.166  585
B049  0.37 0.32 1.57 0.53 0.33 0.83 0.00 0.00  0.0  1069.11    0.016  613
B050  0.38 0.34 1.61 0.59 0.33 0.83 0.00 0.00  0.0  1069.11    0.166  580
B050  0.38 0.34 1.61 0.59 0.33 0.83 0.00 0.00  0.0  1069.11    0.016  625
B051  0.43 0.33 1.58 0.54 0.34 0.82 0.00 0.00  0.0  1069.11    0.166  585
B051  0.43 0.33 1.58 0.54 0.34 0.82 0.00 0.00  0.0  1069.11    0.016  615
B052  0.40 2.34 0.95 0.00 0.00 0.00 0.00 0.00  0.0  1123.35   16.600  645
B052  0.40 2.34 0.95 0.00 0.00 0.00 0.00 0.00  0.0  1123.35    1.660  707
B052  0.40 2.34 0.95 0.00 0.00 0.00 0.00 0.00  0.0  1123.35    0.166  735
B052  0.40 2.34 0.95 0.00 0.00 0.00 0.00 0.00  0.0  1123.35    0.016  742
B053  0.54 2.59 0.97 0.12 0.00 0.13 0.00 0.00  0.0  1123.35    6.000  670
B053  0.54 2.59 0.97 0.12 0.00 0.13 0.00 0.00  0.0  1123.35    1.660  715
B053  0.54 2.59 0.97 0.12 0.00 0.13 0.00 0.00  0.0  1123.35    0.166  750
B053  0.54 2.59 0.97 0.12 0.00 0.13 0.00 0.00  0.0  1123.35    0.016  755
B054  0.59 2.63 0.97 0.00 0.00 0.00 0.00 0.00  0.0  1123.35    6.000  685
B054  0.59 2.63 0.97 0.00 0.00 0.00 0.00 0.00  0.0  1123.35    1.660  725
B054  0.59 2.63 0.97 0.00 0.00 0.00 0.00 0.00  0.0  1123.35    0.166  760
B054  0.59 2.63 0.97 0.00 0.00 0.00 0.00 0.00  0.0  1123.35    0.016  765
B055  0.62 2.62 0.97 0.00 0.00 0.00 0.00 0.00  0.0  1123.35    5.000  685
B055  0.62 2.62 0.97 0.00 0.00 0.00 0.00 0.00  0.0  1123.35    1.660  720
B055  0.62 2.62 0.97 0.00 0.00 0.00 0.00 0.00  0.0  1123.35    0.166  755
B055  0.62 2.62 0.97 0.00 0.00 0.00 0.00 0.00  0.0  1123.35    0.016  765
B056  0.55 2.06 0.86 0.87 0.00 0.00 0.00 0.00  0.0  1064.58    1.660  700
B056  0.55 2.06 0.86 0.87 0.00 0.00 0.00 0.00  0.0  1064.58    0.166  745
B056  0.55 2.06 0.86 0.87 0.00 0.00 0.00 0.00  0.0  1064.58    0.016  760
B058  0.60 2.62 0.99 0.37 0.73 0.00 0.00 0.00  0.0  1123.35    1.660  735
B058  0.60 2.62 0.99 0.37 0.73 0.00 0.00 0.00  0.0  1123.35    0.166  770
B058  0.60 2.61 0.99 0.37 0.73 0.00 0.00 0.00  0.0  1123.35    0.016  785
B059  0.17 0.29 0.42 0.00 0.37 0.00 0.00 0.00  0.0  1136.87    0.166  705
B059  0.17 0.29 0.41 0.00 0.37 0.00 0.00 0.00  0.0  1136.87    0.016  720
B060  0.24 0.38 0.94 0.00 0.34 0.00 0.00 0.00  0.0  1114.33   16.600  680
B060  0.24 0.38 0.94 0.00 0.34 0.00 0.00 0.00  0.0  1114.33    1.660  710
B060  0.24 0.38 0.94 0.00 0.34 0.00 0.00 0.00  0.0  1114.33    0.166  720
B060  0.24 0.38 0.94 0.00 0.34 0.00 0.00 0.00  0.0  1114.33    0.016  720
B061  0.32 0.41 0.85 0.00 0.42 0.00 0.00 0.00  0.0  1050.97    1.660  660
B061  0.32 0.41 0.85 0.00 0.42 0.00 0.00 0.00  0.0  1050.97    0.166  690
B061  0.32 0.41 0.85 0.00 0.42 0.00 0.00 0.00  0.0  1050.97    0.016  700
B062  0.40 0.43 0.88 0.00 0.46 0.00 0.00 0.00  0.0  1032.79    0.166  640
B062  0.40 0.43 0.88 0.00 0.46 0.00 0.00 0.00  0.0  1032.79    0.016  660
B063  0.48 0.37 0.88 0.00 0.48 0.00 0.00 0.00  0.0  1032.79    1.660  610
B063  0.48 0.37 0.88 0.00 0.48 0.00 0.00 0.00  0.0  1032.79    0.166  645
B063  0.48 0.37 0.88 0.00 0.48 0.00 0.00 0.00  0.0  1032.79    0.016  655
B064  0.22 0.30 0.47 0.00 0.69 0.00 0.00 0.00  0.0  1069.11   16.600  640
B064  0.22 0.30 0.47 0.00 0.69 0.00 0.00 0.00  0.0  1069.11    1.660  705
B064  0.22 0.30 0.47 0.00 0.69 0.00 0.00 0.00  0.0  1069.11    0.166  730
B064  0.22 0.30 0.47 0.00 0.69 0.00 0.00 0.00  0.0  1069.11    0.016  740
B065  0.38 0.43 0.86 0.00 0.92 0.00 0.00 0.00  0.0  1041.88    0.166  660
B065  0.38 0.43 0.86 0.00 0.92 0.00 0.00 0.00  0.0  1041.88    0.016  690
B066  0.55 0.28 0.63 0.00 0.00 0.71 0.00 0.00  0.0  1050.97    1.660  685
B066  0.55 0.28 0.63 0.00 0.00 0.71 0.00 0.00  0.0  1050.97    0.166  710
B066  0.55 0.28 0.63 0.00 0.00 0.71 0.00 0.00  0.0  1050.97    0.016  720
B067  0.36 0.27 0.86 0.00 0.00 0.96 0.00 0.00  0.0  1069.11    1.660  652
B067  0.36 0.27 0.86 0.00 0.00 0.96 0.00 0.00  0.0  1069.11    0.166  677
B067  0.36 0.27 0.86 0.00 0.00 0.96 0.00 0.00  0.0  1069.11    0.016  693
B068  0.43 0.28 0.87 0.00 0.00 0.94 0.00 0.00  0.0  1069.11    1.660  652
B068  0.43 0.28 0.87 0.00 0.00 0.94 0.00 0.00  0.0  1069.11    0.166  670
B068  0.43 0.28 0.87 0.00 0.00 0.94 0.00 0.00  0.0  1069.11    0.016  677
B071  0.10 0.28 0.55 0.05 0.00 4.22 0.00 0.09  0.0  1060.04   16.600  557
B071  0.10 0.28 0.55 0.05 0.00 4.22 0.00 0.09  0.0  1060.04    1.660  575
B071  0.10 0.28 0.55 0.05 0.00 4.22 0.00 0.09  0.0  1060.04    0.166  579
B071  0.10 0.28 0.55 0.05 0.00 4.22 0.00 0.09  0.0  1060.04    0.016  580
B077  0.17 0.22 0.42 0.22 0.31 2.06 0.00 0.00  0.0  1060.04    1.660  652
B077  0.17 0.22 0.42 0.22 0.31 2.06 0.00 0.00  0.0  1060.04    0.166  662
B077  0.17 0.22 0.42 0.22 0.31 2.06 0.00 0.00  0.0  1060.04    0.016  672
B078  0.24 0.24 0.47 0.23 0.35 2.05 0.00 0.00  0.0  1050.97    0.166  633
B078  0.24 0.24 0.46 0.23 0.35 2.05 0.00 0.00  0.0  1050.97    0.016  661
B079  0.40 0.19 0.19 0.18 0.41 1.91 0.00 0.00  0.0  1064.58    0.166  645
B079  0.40 0.19 0.19 0.18 0.41 1.91 0.00 0.00  0.0  1064.58    0.016  673
B082  0.15 0.22 0.72 0.69 0.06 0.97 0.00 0.00  0.0  1136.87   16.600  620
B082  0.15 0.22 0.72 0.69 0.06 0.97 0.00 0.00  0.0  1136.87    1.660  661
B082  0.15 0.22 0.72 0.69 0.06 0.97 0.00 0.00  0.0  1136.87    0.166  679
B082  0.15 0.22 0.71 0.69 0.06 0.97 0.00 0.00  0.0  1136.87    0.016  683
B083  0.16 0.22 0.73 0.93 0.06 1.31 0.00 0.00  0.0  1136.87    1.660  650
B083  0.16 0.22 0.73 0.93 0.06 1.31 0.00 0.00  0.0  1136.87    0.166  685
B083  0.16 0.22 0.73 0.93 0.06 1.31 0.00 0.00  0.0  1136.87    0.016  705
B084  0.35 0.29 0.78 0.76 0.00 1.43 0.00 0.00  0.0  1069.11    1.660  580
B084  0.35 0.29 0.78 0.76 0.00 1.43 0.00 0.00  0.0  1069.11    0.166  653
B084  0.35 0.29 0.78 0.76 0.00 1.43 0.00 0.00  0.0  1069.11    0.016  673
B085  0.40 0.30 0.78 0.76 0.00 1.41 0.00 0.00  0.0  1069.11    0.166  658
B085  0.40 0.30 0.78 0.76 0.00 1.41 0.00 0.00  0.0  1069.11    0.016  679
B086  0.14 0.26 0.30 1.65 0.00 1.74 0.00 0.00  0.0  1087.22    0.166  665
B086  0.14 0.26 0.29 1.65 0.00 1.74 0.00 0.00  0.0  1087.22    0.016  690
B087  0.15 0.27 0.67 1.03 0.00 1.64 0.00 0.00  0.0  1087.22    1.660  610
B087  0.15 0.27 0.67 1.03 0.00 1.64 0.00 0.00  0.0  1087.22    0.166  675
B087  0.15 0.27 0.67 1.03 0.00 1.64 0.00 0.00  0.0  1087.22    0.016  685
B089  0.32 0.24 0.52 1.30 0.00 3.22 0.00 0.00  0.0  1060.04    0.016  615
B090  0.12 0.22 0.37 0.98 0.00 3.73 0.00 0.00  0.0  1050.97    0.016  620
B093  0.15 0.21 0.70 0.55 0.22 0.62 0.00 0.00  0.0  1050.97    1.660  655
B093  0.15 0.21 0.70 0.55 0.22 0.62 0.00 0.00  0.0  1050.97    0.166  687
B093  0.15 0.21 0.70 0.55 0.22 0.62 0.00 0.00  0.0  1050.97    0.016  700
B094  0.24 0.24 0.80 0.57 0.28 0.63 0.00 0.00  0.0  1050.97    1.660  622
B094  0.24 0.24 0.79 0.57 0.28 0.63 0.00 0.00  0.0  1050.97    0.166  664
B094  0.24 0.24 0.79 0.57 0.28 0.63 0.00 0.00  0.0  1050.97    0.016  682
B095  0.30 0.32 0.83 0.59 0.30 0.62 0.00 0.00  0.0  1069.11    1.660  610
B095  0.30 0.32 0.83 0.59 0.30 0.62 0.00 0.00  0.0  1069.11    0.166  670
B095  0.30 0.32 0.83 0.58 0.30 0.62 0.00 0.00  0.0  1069.11    0.016  693
B096  0.41 0.34 0.93 0.60 0.33 0.60 0.00 0.00  0.0  1069.11    0.166  657
B096  0.41 0.34 0.93 0.60 0.33 0.60 0.00 0.00  0.0  1069.11    0.016  680
B097  0.48 0.47 0.87 0.70 0.35 0.64 0.00 0.00  0.0  1069.11    0.166  660
B097  0.48 0.47 0.87 0.70 0.35 0.64 0.00 0.00  0.0  1069.11    0.016  703
B098  0.60 0.35 0.91 0.61 0.36 0.58 0.00 0.00  0.0  1064.58    0.016  722
B100  0.36 0.32 0.63 1.23 0.34 1.15 0.00 0.00  0.0  1069.11    0.166  653
B100  0.36 0.32 0.63 1.23 0.34 1.15 0.00 0.00  0.0  1069.11    0.016  681
B101  0.16 0.22 0.74 1.14 0.17 1.59 0.00 0.00  0.0  1060.04    0.166  641
B101  0.16 0.22 0.74 1.14 0.17 1.59 0.00 0.00  0.0  1060.04    0.016  662
B102  0.16 0.26 0.31 1.78 0.33 1.73 0.00 0.00  0.0  1078.17    0.166  620
B102  0.16 0.26 0.30 1.78 0.33 1.73 0.00 0.00  0.0  1078.17    0.016  667
B103  0.36 0.31 0.70 1.74 0.37 1.62 0.00 0.00  0.0  1069.11    0.016  658
B104  0.40 0.32 0.57 1.40 0.23 1.60 0.00 0.00  0.0  1069.11    0.016  662
B105  0.40 0.32 0.57 1.40 0.47 1.60 0.00 0.00  0.0  1069.11    0.016  670
B106  0.16 0.22 0.76 1.15 0.18 2.05 0.00 0.00  0.0  1050.97    0.166  638
B106  0.16 0.22 0.75 1.15 0.18 2.05 0.00 0.00  0.0  1050.97    0.016  660
B107  0.41 0.32 0.71 0.93 0.40 1.92 0.00 0.00  0.0  1069.11    0.016  637
B108  0.17 0.22 0.49 1.69 0.23 2.26 0.00 0.00  0.0  1050.97    0.166  610
B108  0.17 0.22 0.49 1.69 0.23 2.26 0.00 0.00  0.0  1050.97    0.016  660
B109  0.30 0.30 0.37 2.28 0.55 2.17 0.00 0.00  0.0  1069.11    0.016  610
B118  0.15 0.22 0.09 0.44 0.00 0.00 0.00 0.00  0.0  1114.33   16.600  678
B118  0.15 0.22 0.09 0.44 0.00 0.00 0.00 0.00  0.0  1114.33    1.660  722
B118  0.15 0.22 0.08 0.44 0.00 0.00 0.00 0.00  0.0  1114.33    0.166  738
B118  0.15 0.22 0.06 0.44 0.00 0.00 0.00 0.00  0.0  1114.33    0.016  740
B119  0.38 0.34 0.71 0.60 0.00 0.00 0.00 0.00  0.0  1050.97   16.600  640
B119  0.38 0.34 0.71 0.60 0.00 0.00 0.00 0.00  0.0  1050.97    1.660  687
B119  0.38 0.34 0.71 0.60 0.00 0.00 0.00 0.00  0.0  1050.97    0.166  708
B119  0.38 0.34 0.71 0.60 0.00 0.00 0.00 0.00  0.0  1050.97    0.016  720
B120  0.46 0.35 0.72 0.61 0.00 0.00 0.00 0.00  0.0  1050.97    1.660  678
B120  0.46 0.35 0.72 0.61 0.00 0.00 0.00 0.00  0.0  1050.97    0.166  712
B120  0.46 0.35 0.72 0.61 0.00 0.00 0.00 0.00  0.0  1050.97    0.016  720
B121  0.59 0.36 0.55 0.80 0.00 0.00 0.00 0.00  0.0  1050.97    1.660  663
B121  0.59 0.36 0.55 0.80 0.00 0.00 0.00 0.00  0.0  1050.97    0.166  703
B121  0.59 0.36 0.55 0.80 0.00 0.00 0.00 0.00  0.0  1050.97    0.016  712
B122  0.20 0.23 0.74 0.90 0.00 0.00 0.00 0.00  0.0  1114.33   16.600  600
B122  0.20 0.23 0.74 0.90 0.00 0.00 0.00 0.00  0.0  1114.33    1.660  685
B122  0.20 0.23 0.74 0.90 0.00 0.00 0.00 0.00  0.0  1114.33    0.166  725
B122  0.20 0.23 0.74 0.90 0.00 0.00 0.00 0.00  0.0  1114.33    0.016  742
B123  0.60 0.36 0.94 0.92 0.00 0.00 0.00 0.00  0.0  1064.58    1.660  670
B123  0.60 0.36 0.94 0.92 0.00 0.00 0.00 0.00  0.0  1064.58    0.166  700
B123  0.60 0.36 0.94 0.92 0.00 0.00 0.00 0.00  0.0  1064.58    0.016  710
B124  0.20 0.35 0.67 1.07 0.00 0.00 0.00 0.00  0.0  1114.33    0.166  710
B124  0.20 0.35 0.67 1.07 0.00 0.00 0.00 0.00  0.0  1114.33    0.016  722
B125  0.30 0.25 0.67 1.23 0.00 0.00 0.00 0.00  0.0  1078.17    1.660  670
B125  0.30 0.25 0.67 1.23 0.00 0.00 0.00 0.00  0.0  1078.17    0.166  719
B125  0.30 0.25 0.67 1.23 0.00 0.00 0.00 0.00  0.0  1078.17    0.016  725
B126  0.39 0.27 0.70 1.25 0.00 0.00 0.00 0.00  0.0  1087.22    1.660  630
B126  0.39 0.27 0.70 1.25 0.00 0.00 0.00 0.00  0.0  1087.22    0.166  697
B126  0.39 0.27 0.70 1.25 0.00 0.00 0.00 0.00  0.0  1087.22    0.016  718
B127  0.50 0.49 0.79 1.46 0.00 0.00 0.00 0.00  0.0  1069.11    1.660  650
B127  0.50 0.49 0.79 1.46 0.00 0.00 0.00 0.00  0.0  1069.11    0.166  710
B127  0.50 0.49 0.79 1.46 0.00 0.00 0.00 0.00  0.0  1069.11    0.016  720
B135  0.14 0.25 0.29 0.65 0.57 0.00 0.00 0.00  0.0  1132.36    0.166  690
B135  0.14 0.25 0.28 0.65 0.57 0.00 0.00 0.00  0.0  1132.36    0.016  742
B136  0.20 0.29 0.67 0.45 0.58 0.00 0.00 0.00  0.0  1114.33    0.166  660
B136  0.20 0.29 0.66 0.45 0.58 0.00 0.00 0.00  0.0  1114.33    0.016  705
B137  0.12 0.29 0.19 0.89 0.56 0.17 0.00 0.00  0.0  1168.34    1.660  701
B137  0.12 0.29 0.18 0.89 0.56 0.17 0.00 0.00  0.0  1168.34    0.166  741
B137  0.12 0.29 0.16 0.89 0.56 0.17 0.00 0.00  0.0  1168.34    0.016  758
B138  0.27 0.16 0.48 0.86 0.77 0.22 0.00 0.00  0.0  1091.74    0.166  675
B138  0.27 0.16 0.48 0.86 0.77 0.22 0.00 0.00  0.0  1091.74    0.016  700
B139  0.60 0.36 0.94 0.99 0.54 0.00 0.00 0.00  0.0  1069.11    1.660  660
B139  0.60 0.36 0.94 0.99 0.54 0.00 0.00 0.00  0.0  1069.11    0.166  712
B139  0.60 0.36 0.94 0.99 0.54 0.00 0.00 0.00  0.0  1069.11    0.016  721
B140  0.18 0.28 0.64 1.10 0.24 0.00 0.00 0.00  0.0  1078.17    1.660  640
B140  0.18 0.28 0.64 1.10 0.24 0.00 0.00 0.00  0.0  1078.17    0.166  708
B140  0.18 0.28 0.64 1.10 0.24 0.00 0.00 0.00  0.0  1078.17    0.016  725
B141  0.26 0.31 0.64 1.21 0.30 0.00 0.00 0.00  0.0  1069.11    1.660  612
B141  0.26 0.31 0.64 1.21 0.30 0.00 0.00 0.00  0.0  1069.11    0.166  685
B141  0.26 0.31 0.64 1.21 0.30 0.00 0.00 0.00  0.0  1069.11    0.016  720
B142  0.30 0.32 0.37 1.17 0.29 0.00 0.00 0.00  0.0  1069.11    1.660  660
B142  0.30 0.32 0.37 1.17 0.29 0.00 0.00 0.00  0.0  1069.11    0.166  712
B142  0.30 0.32 0.37 1.17 0.29 0.00 0.00 0.00  0.0  1069.11    0.016  725
B143  0.34 0.33 0.61 1.24 0.38 0.00 0.00 0.00  0.0  1069.11    1.660  622
B143  0.34 0.33 0.61 1.24 0.38 0.00 0.00 0.00  0.0  1069.11    0.166  700
B143  0.34 0.33 0.61 1.24 0.38 0.00 0.00 0.00  0.0  1069.11    0.016  725
B144  0.36 0.33 0.84 1.19 0.31 0.00 0.00 0.00  0.0  1069.11    1.660  627
B144  0.36 0.33 0.83 1.19 0.31 0.00 0.00 0.00  0.0  1069.11    0.166  700
B144  0.36 0.33 0.83 1.19 0.31 0.00 0.00 0.00  0.0  1069.11    0.016  720
B145  0.40 0.27 0.91 1.26 0.48 0.00 0.00 0.00  0.0  1087.22    0.166  662
B145  0.40 0.27 0.91 1.26 0.48 0.00 0.00 0.00  0.0  1087.22    0.016  701
B146  0.46 0.35 0.92 1.21 0.34 0.00 0.00 0.00  0.0  1069.11    0.166  680
B146  0.46 0.35 0.92 1.21 0.34 0.00 0.00 0.00  0.0  1069.11    0.016  710
B147  0.50 0.35 0.93 1.22 0.38 0.00 0.00 0.00  0.0  1069.11    0.166  652
B147  0.50 0.35 0.92 1.22 0.38 0.00 0.00 0.00  0.0  1069.11    0.016  698
B149  0.35 0.35 0.45 1.46 0.76 0.15 0.00 0.00  0.0  1078.17    0.016  712
B150  0.37 0.33 0.90 1.37 0.31 0.00 0.00 0.00  0.0  1078.17    1.660  642
B150  0.37 0.33 0.90 1.37 0.31 0.00 0.00 0.00  0.0  1078.17    0.166  717
B150  0.37 0.33 0.90 1.37 0.31 0.00 0.00 0.00  0.0  1078.17    0.016  722
B151  0.42 0.34 0.91 1.38 0.32 0.00 0.00 0.00  0.0  1078.17    1.660  600
B151  0.42 0.34 0.91 1.38 0.32 0.00 0.00 0.00  0.0  1078.17    0.166  692
B151  0.42 0.34 0.91 1.38 0.32 0.00 0.00 0.00  0.0  1078.17    0.016  713
B153  0.20 0.26 0.28 3.33 0.56 0.00 0.00 0.00  0.0  1132.36    0.166  720
B153  0.20 0.26 0.28 3.33 0.56 0.00 0.00 0.00  0.0  1132.36    0.016  755
B154  0.28 0.29 0.34 3.48 0.64 0.00 0.00 0.00  0.0  1132.36    0.166  720
B154  0.28 0.29 0.33 3.48 0.64 0.00 0.00 0.00  0.0  1132.36    0.016  760
B155  0.32 0.30 0.43 3.48 0.52 0.32 0.00 0.00  0.0  1114.33    0.016  710
B156  0.17 0.14 0.39 3.42 0.55 0.00 0.00 0.00  0.0  1114.33    0.016  680
B157  0.26 0.16 0.46 3.61 0.65 0.00 0.00 0.00  0.0  1114.33    0.016  710
B158  0.14 0.24 0.10 4.70 0.50 0.14 0.00 0.00  0.0  1132.36    0.166  730
B158  0.14 0.24 0.08 4.70 0.50 0.14 0.00 0.00  0.0  1132.36    0.016  755
B159  0.28 0.27 0.33 5.48 0.63 0.00 0.00 0.00  0.0  1132.36    0.166  715
B159  0.28 0.27 0.32 5.48 0.63 0.00 0.00 0.00  0.0  1132.36    0.016  760
MR01  0.15 0.13 0.34 0.26 0.35 0.13 0.00 0.19  0.0  1101.74    1.200  675
MR01  0.15 0.13 0.33 0.26 0.35 0.13 0.00 0.19  0.0  1101.74    0.150  715
MR01  0.15 0.13 0.33 0.26 0.35 0.13 0.00 0.19  0.0  1101.74    0.044  725
MR02  0.17 0.28 0.56 1.27 0.27 0.09 0.00 0.00  0.0  1139.53    0.510  650
MR02  0.17 0.28 0.56 1.27 0.27 0.09 0.00 0.00  0.0  1139.53    0.150  670
MR02  0.17 0.28 0.56 1.27 0.27 0.09 0.00 0.00  0.0  1139.53    0.040  685
MR03  0.17 0.35 1.06 0.00 0.05 0.17 0.00 0.26  0.0  1120.64    1.200  650
MR03  0.17 0.35 1.06 0.00 0.05 0.17 0.00 0.26  0.0  1120.64    0.130  675
MR03  0.17 0.35 1.06 0.00 0.05 0.17 0.00 0.26  0.0  1120.64    0.049  680
MR07  0.27 0.86 1.65 0.12 0.00 0.00 0.00 0.00  0.0  1186.66    1.600  645
MR07  0.27 0.86 1.64 0.12 0.00 0.00 0.00 0.00  0.0  1186.66    0.125  680
MR07  0.27 0.86 1.64 0.12 0.00 0.00 0.00 0.00  0.0  1186.66    0.017  695
MR08  0.35 0.60 2.20 0.26 0.07 0.14 0.00 0.30  0.0  1082.82    0.160  620
MR08  0.35 0.60 2.20 0.26 0.07 0.14 0.00 0.30  0.0  1082.82    0.060  635
MR09  0.36 0.44 0.46 0.66 0.05 0.17 0.00 0.23  0.0  1101.74    2.200  645
MR09  0.36 0.44 0.46 0.66 0.05 0.17 0.00 0.23  0.0  1101.74    1.100  665
MR09  0.36 0.44 0.46 0.66 0.05 0.17 0.00 0.23  0.0  1101.74    0.150  695
MR09  0.36 0.44 0.46 0.66 0.05 0.17 0.00 0.23  0.0  1101.74    0.030  710
MR11  0.43 0.36 1.70 2.46 0.31 0.15 0.03 0.30  0.0  1101.74    0.150  620
MR11  0.43 0.36 1.70 2.46 0.31 0.15 0.03 0.30  0.0  1101.74    0.080  645
MR11  0.43 0.36 1.70 2.46 0.31 0.15 0.03 0.30  0.0  1101.74    0.030  665
MR13  0.99 0.30 0.26 1.29 0.38 0.09 0.00 0.05  0.0  1233.67    1.300  665
MR13  0.99 0.30 0.27 0.50 0.38 0.09 0.00 0.05  0.0  1233.67    0.150  695
MR13  0.99 0.30 0.27 0.46 0.37 0.09 0.00 0.05  0.0  1233.67    0.044  700
MR14  0.99 0.30 0.24 1.30 0.39 0.09 0.00 0.05  0.0  1073.35    1.000  660
MR14  0.99 0.30 0.24 0.49 0.39 0.09 0.00 0.05  0.0  1073.35    0.150  695
MR14  0.99 0.30 0.24 0.46 0.39 0.09 0.00 0.05  0.0  1073.35    0.040  700
MR15  0.45 0.33 0.59 0.21 0.00 0.07 0.00 0.31  0.0  1082.82    1.100  645
MR15  0.45 0.33 0.59 0.21 0.00 0.07 0.00 0.31  0.0  1082.82    0.140  680
MR15  0.45 0.33 0.59 0.21 0.00 0.07 0.00 0.31  0.0  1082.82    0.042  690
MR16  0.29 0.45 0.72 1.15 0.30 0.21 0.00 0.27  0.0  1101.74    1.000  655
MR16  0.29 0.45 0.72 1.15 0.30 0.21 0.00 0.27  0.0  1101.74    0.150  680
MR16  0.29 0.45 0.71 1.15 0.30 0.21 0.00 0.27  0.0  1101.74    0.030  690
MR17  0.34 0.50 0.73 1.12 0.32 0.15 0.00 0.22  0.0  1092.28    0.160  685
MR17  0.34 0.50 0.73 1.12 0.32 0.15 0.00 0.22  0.0  1092.28    0.030  690
MR21  0.19 0.24 0.19 0.89 0.06 0.20 0.00 0.27  0.0  1120.64    2.400  665
MR21  0.19 0.24 0.19 0.89 0.06 0.20 0.00 0.27  0.0  1120.64    1.200  685
MR21  0.19 0.24 0.18 0.89 0.06 0.20 0.00 0.27  0.0  1120.64    0.160  700
MR22  0.21 0.35 1.18 1.42 0.28 0.20 0.00 0.28  0.0  1101.74    0.150  645
MR22  0.21 0.35 1.18 1.42 0.28 0.20 0.00 0.28  0.0  1101.74    0.030  650
MR23  0.14 0.23 0.37 1.63 0.06 1.73 0.00 0.22  0.0  1082.82    0.150  650
MR23  0.14 0.23 0.37 1.63 0.06 1.73 0.00 0.22  0.0  1082.82    0.060  660
MR24  0.15 0.36 0.19 2.21 0.06 2.13 0.00 0.27  0.0  1092.92    1.200  630
MR24  0.15 0.36 0.19 2.21 0.06 2.13 0.00 0.27  0.0  1092.92    0.110  655
MR24  0.15 0.36 0.18 2.21 0.06 2.13 0.00 0.27  0.0  1092.92    0.060  660
MR26  0.22 0.42 1.34 0.25 0.00 0.17 0.00 0.20  0.0  1139.37    7.800  605
MR26  0.22 0.42 1.34 0.25 0.00 0.17 0.00 0.20  0.0  1139.37    2.500  630
MR26  0.22 0.42 1.33 0.25 0.00 0.17 0.00 0.20  0.0  1139.37    0.170  660
MR26  0.22 0.42 1.33 0.25 0.00 0.17 0.00 0.20  0.0  1139.37    0.050  665
MR27  0.24 0.52 1.96 0.25 0.04 0.17 0.00 0.25  0.0  1139.53    8.000  560
MR27  0.24 0.52 1.96 0.25 0.04 0.17 0.00 0.25  0.0  1139.53    1.200  585
MR27  0.24 0.52 1.96 0.25 0.04 0.17 0.00 0.25  0.0  1139.53    0.130  605
MR28  1.08 1.10 0.77 0.15 0.00 0.00 0.02 0.00  0.0  1044.92    5.600  670
MR28  1.08 1.10 0.77 0.15 0.00 0.00 0.02 0.00  0.0  1044.92    1.000  695
MR28  1.08 1.10 0.77 0.15 0.00 0.00 0.02 0.00  0.0  1044.92    0.140  710
MR28  1.08 1.10 0.77 0.15 0.00 0.00 0.02 0.00  0.0  1044.92    0.038  720
MR32  0.20 0.54 1.77 0.11 0.00 1.65 0.00 1.85  0.0  1082.82    1.130  571
MR32  0.20 0.54 1.77 0.11 0.00 1.65 0.00 1.85  0.0  1082.82    0.048  613
MR34  0.86 0.27 0.06 0.10 0.00 0.00 0.00 0.25  0.0  1046.32    7.750  665
MR34  0.86 0.27 0.06 0.10 0.00 0.00 0.00 0.25  0.0  1046.32    1.120  685
MR34  0.86 0.27 0.06 0.10 0.00 0.00 0.00 0.25  0.0  1046.32    0.120  700
MR34  0.86 0.27 0.06 0.10 0.00 0.00 0.00 0.25  0.0  1046.32    0.030  705
MR35  0.46 0.33 0.20 1.61 0.35 4.08 0.00 0.20  0.0  1092.28    0.005  625
MR36  0.68 1.68 0.97 1.09 0.14 0.14 0.00 0.18  0.0  1101.74    0.490  680
MR36  0.68 1.68 0.96 1.09 0.14 0.14 0.00 0.18  0.0  1101.74    0.150  695
MR36  0.68 1.68 0.96 1.09 0.14 0.14 0.00 0.18  0.0  1101.74    0.041  705
MR37  0.71 0.51 1.17 0.12 0.42 0.11 0.00 0.24  0.0  1092.28    0.085  620
MR37  0.71 0.51 1.16 0.12 0.43 0.11 0.00 0.24  0.0  1092.28    0.040  650
MR39  0.33 0.23 0.46 1.82 0.23 1.03 0.92 0.28  0.0  1111.19    0.170  690
MR39  0.33 0.23 0.46 1.82 0.23 1.03 0.92 0.28  0.0  1111.19    0.070  705
MR43  0.18 0.30 1.61 0.39 0.52 1.27 0.00 0.23  0.0  1120.64    0.150  575
MR43  0.18 0.30 1.61 0.39 0.52 1.27 0.00 0.23  0.0  1120.64    0.083  585
MR43  0.18 0.30 1.61 0.39 0.52 1.27 0.00 0.23  0.0  1120.64    0.015  590
MR44  0.39 0.53 1.51 2.25 0.28 0.11 0.00 0.19  0.0  1092.28    0.150  630
MR44  0.39 0.53 1.51 2.25 0.28 0.11 0.00 0.19  0.0  1092.28    0.083  650
MR44  0.39 0.53 1.51 2.25 0.28 0.11 0.00 0.19  0.0  1092.28    0.041  670
MR45  0.15 0.24 0.06 0.07 0.00 0.00 0.00 0.17  0.0  1120.64   80.000  660
MR45  0.15 0.24 0.06 0.07 0.00 0.00 0.00 0.17  0.0  1120.64   15.000  670
MR45  0.15 0.24 0.05 0.07 0.00 0.00 0.00 0.17  0.0  1120.64    1.600  675
MR46  0.41 0.44 1.41 2.24 0.29 0.14 0.00 0.22  0.0  1101.74    0.150  620
MR46  0.41 0.44 1.41 2.24 0.29 0.14 0.00 0.22  0.0  1101.74    0.080  645
MR46  0.41 0.44 1.41 2.24 0.29 0.14 0.00 0.22  0.0  1101.74    0.030  660
MR49  0.25 0.42 0.79 1.20 0.31 0.00 0.00 0.00  0.0  1101.74    1.200  660
MR49  0.25 0.42 0.79 1.20 0.31 0.00 0.00 0.00  0.0  1101.74    0.150  680
MR49  0.25 0.42 0.79 1.20 0.31 0.00 0.00 0.00  0.0  1101.74    0.040  685
MR55  0.36 0.30 0.38 1.72 0.26 1.64 0.00 0.27  0.0  1092.28    0.150  665
MR55  0.36 0.30 0.37 1.72 0.26 1.64 0.00 0.27  0.0  1092.28    0.079  675
MR55  0.36 0.30 0.37 1.72 0.26 1.64 0.00 0.27  0.0  1092.28    0.038  680
MR56  0.42 0.43 1.01 0.18 0.00 0.06 0.00 0.18  0.0  1092.28    2.400  645
MR56  0.42 0.43 1.01 0.18 0.00 0.06 0.00 0.18  0.0  1092.28    1.000  665
MR56  0.42 0.43 1.00 0.18 0.00 0.06 0.00 0.18  0.0  1092.28    0.150  675
MR56  0.42 0.42 1.00 0.18 0.00 0.06 0.00 0.18  0.0  1092.28    0.060  680
MR57  0.47 2.30 0.69 0.25 0.10 0.09 0.00 0.35  0.0  1120.64    1.100  680
MR57  0.47 2.30 0.69 0.25 0.10 0.09 0.00 0.35  0.0  1120.64    0.150  695
MR57  0.47 2.29 0.69 0.25 0.10 0.09 0.00 0.35  0.0  1120.64    0.030  700
MR58  0.57 0.34 0.92 1.16 0.29 0.23 0.00 0.25  0.0  1092.28    2.300  655
MR58  0.57 0.34 0.92 1.16 0.29 0.23 0.00 0.25  0.0  1092.28    1.100  670
MR58  0.57 0.34 0.92 1.16 0.29 0.23 0.00 0.25  0.0  1092.28    0.150  695
OKru1 0.34 0.43 0.69 1.35 0.29 0.00 0.73 0.00  0.0  1157.92    1.056  632
OKru1 0.34 0.43 0.69 1.35 0.29 0.00 0.74 0.00  0.0  1157.92    0.180  668
OKru1 0.34 0.43 0.68 1.35 0.28 0.00 0.75 0.00  0.0  1157.92    0.051  689
OKru2 0.34 0.30 0.55 1.88 0.27 1.09 0.74 0.00  0.0  1130.10    0.166  692
OKru2 0.34 0.30 0.55 1.88 0.27 1.09 0.74 0.00  0.0  1130.10    0.099  704
OKru2 0.34 0.30 0.55 1.88 0.27 1.09 0.75 0.00  0.0  1130.10    0.045  725
OKru3 0.34 0.30 0.81 1.74 0.00 0.00 0.74 0.00  0.0  1176.43    1.493  656
OKru3 0.34 0.30 0.81 1.74 0.00 0.00 0.74 0.00  0.0  1176.43    0.572  691
OKru3 0.34 0.30 0.81 1.74 0.00 0.00 0.75 0.00  0.0  1176.43    0.097  747
OKru4 0.12 0.27 0.39 0.00 0.00 4.01 0.00 0.00  0.0  1074.30   17.647  600
OKru4 0.12 0.27 0.39 0.00 0.00 4.01 0.00 0.00  0.0  1074.30    2.870  625
OKru4 0.12 0.27 0.39 0.00 0.00 4.01 0.00 0.00  0.0  1074.30    0.318  629
OSaa1 0.37 1.70 1.68 0.00 0.00 0.00 0.00 0.00  0.0  1092.92    7.874  627
OSaa1 0.37 1.70 1.68 0.00 0.00 0.00 0.00 0.00  0.0  1092.92    0.333  663
OSaa1 0.37 1.70 1.68 0.00 0.00 0.00 0.00 0.00  0.0  1092.92    0.025  679
OSaa2 0.46 2.45 0.90 0.00 0.00 0.00 0.00 0.00  0.0  1092.92   18.740  654
OSaa2 0.46 2.45 0.90 0.00 0.00 0.00 0.00 0.00  0.0  1092.92    8.540  684
OSaa2 0.46 2.45 0.90 0.00 0.00 0.00 0.00 0.00  0.0  1092.92    0.768  719
OSaa3 0.51 2.42 0.90 0.00 0.00 0.00 0.00 0.00  0.0  1092.92    7.850  676
OSaa3 0.51 2.42 0.90 0.00 0.00 0.00 0.00 0.00  0.0  1092.92    1.499  700
OSaa3 0.51 2.41 0.90 0.00 0.00 0.00 0.00 0.00  0.0  1092.92    0.079  726
OSaa4 0.58 2.44 1.05 0.00 0.00 0.00 0.00 0.00  0.0  1092.92    3.020  662
OSaa4 0.58 2.44 1.05 0.00 0.00 0.00 0.00 0.00  0.0  1092.92    0.558  692
OLo04 0.10 0.38 1.44 0.05 0.24 0.56 0.04 0.28  0.0  1337.57    0.300  640
OLo04 0.10 0.38 1.44 0.05 0.24 0.56 0.04 0.28  0.0  1337.57    3.000  640
OLo11 0.10 0.23 1.35 0.06 0.00 0.08 0.03 0.05  0.0  1337.57    0.300  675
OLo11 0.10 0.23 1.35 0.06 0.00 0.08 0.03 0.05  0.0  1337.57    3.000  670
OLo23 0.65 0.35 1.18 0.04 0.00 0.00 0.00 0.12  0.0  1337.57    0.300  660
OLo23 0.65 0.35 1.18 0.04 0.00 0.00 0.00 0.12  0.0  1337.57    3.000  650
OLo24 0.46 0.29 0.86 0.04 0.00 0.03 0.03 0.04  0.0  1337.57    0.300  695
OLo24 0.46 0.29 0.86 0.04 0.00 0.03 0.03 0.04  0.0  1337.57    3.000  680
OMan1 0.20 2.25 1.89 0.00 0.00 0.00 0.00 0.00  0.0  1077.99    0.300  720
OMan2 0.24 0.00 1.39 0.00 0.00 0.00 2.12 0.00  0.0  1077.99    3.000  745
OMan2 0.24 0.00 1.42 0.00 0.00 0.00 2.11 0.00  0.0  1077.99    1.000  770
OMan2 0.24 0.00 1.40 0.00 0.00 0.00 2.12 0.00  0.0  1077.99    0.300  780
OGar1 0.20 2.24 1.84 0.00 0.00 0.00 0.00 0.00  0.0  1222.63    0.550  660
OGar1 0.20 2.24 1.84 0.00 0.00 0.00 0.00 0.00  0.0  1222.63    0.270  690
OGar1 0.20 2.23 1.83 0.00 0.00 0.00 0.00 0.00  0.0  1222.63    0.130  700
OGar2 0.20 2.28 2.52 0.00 0.00 0.00 0.00 0.00  0.0  1222.63    0.270  655
OEwk1 0.54 0.33 0.60 0.00 0.00 0.00 0.00 0.00  0.0  1074.30   14.826  640
OEwk1 0.54 0.33 0.60 0.00 0.00 0.00 0.00 0.00  0.0  1074.30    1.561  674
OEwk1 0.54 0.33 0.60 0.00 0.00 0.00 0.00 0.00  0.0  1074.30    0.135  683
OEwk2 0.65 1.54 1.40 0.87 0.00 0.00 0.00 0.00  0.0  1092.92    1.987  636
OEwk2 0.65 1.54 1.40 0.87 0.00 0.00 0.00 0.00  0.0  1092.92    1.196  650
OEwk2 0.65 1.54 1.40 0.87 0.00 0.00 0.00 0.00  0.0  1092.92    0.469  668
OEwk4 0.33 0.49 0.33 1.36 0.29 0.00 0.72 0.00  0.0  1130.10    0.499  678
OEwk4 0.33 0.49 0.33 1.36 0.29 0.00 0.72 0.00  0.0  1130.10    0.231  692
OEwk4 0.33 0.49 0.32 1.36 0.29 0.00 0.73 0.00  0.0  1130.10    0.051  716
OEwk5 0.41 0.51 0.36 1.95 0.41 0.00 0.70 0.00  0.0  1130.10    0.116  713
OEwk5 0.41 0.51 0.36 1.95 0.41 0.00 0.71 0.00  0.0  1130.10    0.048  725
OEwk5 0.41 0.51 0.36 1.95 0.41 0.00 0.73 0.00  0.0  1130.10    0.016  741
OEwk6 0.35 0.47 0.00 1.95 0.27 1.07 0.76 0.00  0.0  1120.81    0.161  691
OEwk6 0.35 0.47 0.00 1.95 0.27 1.07 0.77 0.00  0.0  1120.81    0.057  704
OEwk6 0.35 0.47 0.00 1.95 0.27 1.07 0.77 0.00  0.0  1120.81    0.028  717
OOva1 0.66 1.98 1.88 1.82 0.56 0.21 0.00 0.00  0.0  1157.92    0.294  636
OOva1 0.66 1.98 1.88 1.82 0.56 0.21 0.00 0.00  0.0  1157.92    0.068  658
OOva3 0.93 0.39 0.33 1.86 0.00 0.10 0.00 0.10  0.0  1083.61    7.579  609
OOva3 0.93 0.39 0.33 1.86 0.00 0.10 0.00 0.10  0.0  1083.61    3.788  636
OOva3 0.93 0.39 0.33 1.86 0.00 0.10 0.00 0.10  0.0  1083.61    0.910  678
OGra1 0.24 1.01 1.93 0.00 0.00 0.00 0.08 0.00  0.0  1293.30    3.000  600
OGra1 0.24 1.01 1.93 0.00 0.00 0.00 0.09 0.00  0.0  1293.30    2.000  615
OGra1 0.24 1.01 1.93 0.00 0.00 0.00 0.10 0.00  0.0  1293.30    1.000  620
OGra2 0.43 1.27 1.89 0.00 0.00 0.00 0.74 0.00  0.0  1293.30    3.000  635
OGra2 0.43 1.27 1.89 0.00 0.00 0.00 0.74 0.00  0.0  1293.30    2.000  650
OGra2 0.43 1.27 1.89 0.00 0.00 0.00 0.74 0.00  0.0  1293.30    1.000  660
OGra3 0.17 0.21 5.02 0.00 0.20 0.00 1.47 0.00  0.0  1222.63    0.030  600
OGra3 0.17 0.21 5.03 0.00 0.20 0.00 1.47 0.00  0.0  1222.63    0.010  620
OKob1 0.20 1.70 1.91 0.00 0.00 0.00 0.01 0.00  0.0  1083.61    5.000  605
OKob1 0.20 1.70 1.90 0.00 0.00 0.00 0.01 0.00  0.0  1083.61    1.000  615
OKob1 0.20 1.70 1.90 0.00 0.00 0.00 0.00 0.00  0.0  1083.61    0.300  625
OKaw1 0.32 0.39 0.72 1.24 0.00 0.00 0.00 0.00  0.0  1050.52    1.500  618
OKaw1 0.32 0.39 0.72 1.24 0.00 0.00 0.00 0.00  0.0  1050.52    0.400  661
OKaw1 0.32 0.39 0.72 1.24 0.00 0.00 0.00 0.00  0.0  1050.52    0.160  674
OShi1 0.03 0.13 0.86 0.32 0.24 0.36 0.00 1.06  0.0  1268.68    0.500  650
OShi1 0.03 0.13 0.84 0.32 0.25 0.36 0.00 1.06  0.0  1268.68    0.050  670
OShi2 0.02 0.11 0.78 0.31 0.24 0.35 0.00 1.47  0.0  1268.68    0.500  640
OShi2 0.02 0.11 0.77 0.31 0.24 0.35 0.00 1.47  0.0  1268.68    0.050  690
OShi3 0.02 0.12 0.83 0.30 0.23 0.34 0.00 2.03  0.0  1268.68    0.500  620
OShi3 0.02 0.12 0.82 0.30 0.24 0.34 0.00 2.03  0.0  1268.68    0.050  675
XGb34 0.18 0.32 0.88 0.63 0.57 0.98 0.00 0.33  3.1  1114.33    0.004  675
XO772 0.08 0.24 0.63 1.17 0.02 0.24 0.03 0.17  7.9  1114.33    5.000  680
XO772 0.08 0.24 0.63 1.17 0.02 0.24 0.03 0.17  7.7  1114.33    2.000  710
XO781 0.08 0.27 0.65 1.21 0.09 0.21 0.03 0.15  3.8  1381.65    0.500  660
XO782 0.08 0.27 0.56 1.21 0.09 0.21 0.03 0.15  3.8  1114.33   10.000  655
XO782 0.08 0.27 0.56 1.21 0.09 0.21 0.03 0.15  3.7  1114.33    5.000  675
XO782 0.08 0.27 0.56 1.21 0.09 0.21 0.03 0.15  3.7  1114.33    2.000  690
XO782 0.08 0.27 0.56 1.21 0.09 0.21 0.03 0.15  3.6  1114.33    1.000  695
XO783 0.08 0.23 0.72 1.45 0.02 0.24 0.03 0.18 13.9  1381.65    2.000  675
XO783 0.08 0.23 0.72 1.45 0.02 0.24 0.03 0.18  8.9  1381.65    0.500  680
XO784 0.08 0.23 0.64 1.45 0.02 0.24 0.03 0.18  8.4  1114.33    2.000  660
XO784 0.08 0.23 0.64 1.45 0.02 0.24 0.03 0.18  8.1  1114.33    1.000  690
XO784 0.08 0.23 0.64 1.45 0.02 0.24 0.03 0.18  7.7  1114.33    0.500  720
XLo06 0.16 0.32 1.03 0.63 0.25 0.13 0.04 0.07  3.9  1337.57    0.750  645
XLo06 0.16 0.32 1.03 0.63 0.25 0.13 0.04 0.07  2.7  1337.57    0.300  650
XRav1 0.28 0.28 1.08 0.21 0.06 0.13 0.00 0.32 17.5  1092.28    1.000  640
XRav1 0.28 0.28 1.08 0.21 0.06 0.13 0.00 0.32 17.4  1092.28    0.160  665
XRav1 0.28 0.28 1.08 0.21 0.06 0.13 0.00 0.32  6.4  1092.28    0.004  675
XGho2 0.04 0.47 1.81 0.00 0.00 0.00 0.00 0.00  8.0  1233.67    1.000  636
XGho2 0.04 0.47 1.81 0.00 0.00 0.00 0.00 0.00  8.0  1233.67    0.500  656
XGho2 0.04 0.47 1.81 0.00 0.00 0.00 0.00 0.00  8.0  1233.67    0.100  676
XGho3 0.04 0.46 1.68 0.00 0.00 0.00 0.00 0.00  9.0  1233.67    0.500  637
XGho3 0.04 0.46 1.68 0.00 0.00 0.00 0.00 0.00  9.0  1233.67    0.100  676
XHanB 0.10 0.30 1.64 0.00 0.00 0.00 0.03 0.00 23.0  1114.33    1.000  605
XHanB 0.10 0.30 1.64 0.00 0.00 0.00 0.03 0.00 23.0  1114.33    0.500  625
XHanB 0.10 0.30 1.64 0.00 0.00 0.00 0.03 0.00 23.0  1114.33    0.200  640
XHaCr 0.10 0.32 1.61 0.50 0.00 0.00 0.03 0.00 22.0  1114.33    0.500  610
XHaCr 0.10 0.32 1.61 0.50 0.00 0.00 0.03 0.00 22.0  1114.33    0.200  640
XHaMo 0.10 0.28 1.53 0.00 0.17 0.00 0.03 0.00 17.9  1114.33    0.200  670
XOpi1 0.28 0.38 1.77 0.30 0.33 0.12 0.03 0.26 17.5  1116.17    0.100  610
XOpi1 0.28 0.38 1.77 0.30 0.33 0.12 0.03 0.26 16.8  1116.17    0.050  640
XOpi1 0.28 0.38 1.77 0.30 0.33 0.12 0.03 0.26 12.9  1116.17    0.017  655
XTer1 0.07 0.22 1.32 0.40 0.02 0.00 0.03 0.06  5.6  1128.87   28.000  601
XTer1 0.07 0.22 1.32 0.40 0.02 0.00 0.03 0.06  5.5  1128.87    8.000  626
XTer1 0.07 0.22 1.32 0.40 0.02 0.00 0.03 0.06  5.4  1128.87    3.000  635
XTer1 0.07 0.22 1.32 0.40 0.02 0.00 0.03 0.06  5.0  1128.87    1.000  643
XTer1 0.07 0.22 1.32 0.40 0.02 0.00 0.03 0.06  4.3  1128.87    0.300  648
XTer2 0.07 0.23 1.34 0.40 0.02 0.00 0.03 0.06 13.4  1128.87    8.000  590
XTer2 0.07 0.23 1.34 0.40 0.02 0.00 0.03 0.06 13.2  1128.87    3.000  615
XTer2 0.07 0.23 1.34 0.40 0.02 0.00 0.03 0.06 12.7  1128.87    1.000  638
XTer2 0.07 0.23 1.34 0.40 0.02 0.00 0.03 0.06 11.6  1128.87    0.300  651
XTer3 0.07 0.23 1.34 0.40 0.02 0.00 0.03 0.06 30.7  1128.87    3.000  618
XTer3 0.07 0.23 1.34 0.40 0.02 0.00 0.03 0.06 30.4  1128.87    1.000  642
XTer3 0.07 0.23 1.34 0.40 0.02 0.00 0.03 0.06 29.6  1128.87    0.300  648
XTer4 0.07 0.23 1.34 0.40 0.02 0.00 0.03 0.06 25.1  1128.87    8.000  611
XTer4 0.07 0.23 1.34 0.40 0.02 0.00 0.03 0.06 25.0  1128.87    3.000  632
XTer4 0.07 0.23 1.34 0.40 0.02 0.00 0.03 0.06 24.7  1128.87    1.000  644
XTer4 0.07 0.23 1.34 0.40 0.02 0.00 0.03 0.06 23.8  1128.87    0.300  651
XTer5 0.07 0.23 1.34 0.40 0.02 0.00 0.03 0.06 12.8  1128.87    8.000  616
XTer5 0.07 0.23 1.34 0.40 0.02 0.00 0.03 0.06 12.7  1128.87    3.000  633
XTer5 0.07 0.23 1.34 0.40 0.02 0.00 0.03 0.06 12.2  1128.87    1.000  645
XTer5 0.07 0.23 1.34 0.40 0.02 0.00 0.03 0.06 11.0  1128.87    0.300  657
XBia1 0.22 0.55 1.54 0.86 0.00 0.04 0.04 0.00 11.0  1431.16    0.500  665
XBia1 0.22 0.54 1.52 0.85 0.00 0.04 0.04 0.00 11.0  1431.16    0.100  695
XBia2 0.22 0.58 1.58 0.88 0.00 0.04 0.03 0.00 11.0  1146.32    1.000  660
XBia2 0.22 0.58 1.58 0.88 0.00 0.04 0.03 0.00 11.0  1146.32    0.500  675
XBia2 0.22 0.58 1.57 0.88 0.00 0.04 0.03 0.00  8.6  1146.32    0.100  710
XYan1 0.18 0.21 0.21 0.00 0.00 0.00 0.04 0.00  6.5  1321.26    1.000  715
XYan2 0.18 0.23 0.24 0.00 0.00 0.00 0.05 0.00 17.6  1321.26    2.000  695
XYan2 0.18 0.23 0.23 0.00 0.00 0.00 0.05 0.00 15.9  1321.26    1.000  705
XOB01 0.13 0.26 0.87 0.70 0.20 0.04 0.03 0.02 18.5  1286.59    0.750  608
XOB01 0.13 0.26 0.87 0.70 0.20 0.04 0.03 0.02 18.5  1286.59    0.400  634
XOB02 0.24 0.37 1.14 0.69 0.34 0.46 0.04 0.02 12.8  1286.59    0.750  636
XOB02 0.24 0.37 1.14 0.69 0.34 0.46 0.04 0.02 11.9  1286.59    0.400  671
XOB04 0.22 0.35 1.41 0.23 0.00 0.05 0.04 0.00  7.5  1286.59    5.000  633
XOB04 0.22 0.35 1.41 0.23 0.00 0.05 0.04 0.00  7.5  1286.59    2.500  654
XOB04 0.22 0.35 1.41 0.23 0.00 0.05 0.04 0.00  7.5  1286.59    1.000  659
XOM01 0.10 0.28 0.62 0.24 0.00 0.02 0.05 0.01 30.0  1286.59    3.000  660
XOM01 0.10 0.28 0.62 0.24 0.00 0.02 0.05 0.01 30.0  1286.59    1.500  675
XOM05 0.20 0.36 0.80 1.12 0.01 0.02 0.05 0.01 28.0  1286.59    3.000  685
XOM05 0.20 0.36 0.80 1.12 0.01 0.02 0.05 0.01 28.0  1286.59    1.500  700
E275  0.15 0.02 1.14 0.05 0.00 0.00 0.04 0.00  0.0  1552.61    1.000  670
E275  0.15 0.02 1.14 0.05 0.00 0.00 0.04 0.00  0.0  1552.61    2.000  660
E275  0.15 0.02 1.14 0.05 0.00 0.00 0.04 0.00  0.0  1552.61    5.000  650
E275  0.15 0.02 1.15 0.05 0.00 0.00 0.04 0.00  0.0  1552.61    7.500  640
E275  0.15 0.02 1.15 0.05 0.00 0.00 0.04 0.00  0.0  1552.61   10.000  630
E275  0.15 0.02 1.15 0.05 0.00 0.00 0.04 0.00  0.0  1552.61   20.000  625
E85L  0.38 1.94 2.06 0.13 0.00 0.00 0.97 0.00  0.0  1266.19    0.100  720
E85L  0.37 1.94 2.08 0.13 0.00 0.00 0.97 0.00  0.0  1266.19    1.000  710

